4.280
3.733
3.978
3.987
4.643
3.009
3.722
3.339
4.143
3.457
3.648
2.924
3.440
3.824
4.518
3.883
3.823
4.353
2.979
3.546
3.986
4.584
3.968
3.842
4.111
3.961
4.331
4.224
4.396
4.294
4.464
5.410
5.304
4.969
4.471
4.879
5.525
4.992
3.062
3.559
4.873
5.099
5.471
5.043
4.184
4.115
5.018
4.861
4.148
4.773
3.797
3.934
4.728
5.167
4.805
4.860
4.565
4.410
3.895
3.981
4.635
4.840
5.320
5.009
4.934
3.783
4.812
3.923
4.573
5.020
4.950
2.843
5.149
4.295
3.965
4.604
3.494
4.209
3.659
2.837
3.788
3.304
4.609
4.370
4.700
5.505
4.299
3.837
4.588
4.841
5.168
4.571
3.658
5.072
4.473
5.621
4.411
3.982
4.088
4.821
5.322
3.699
4.951
5.530
3.619
5.184
4.728
5.131
4.915
4.207
5.136
5.711
4.880
4.942
5.412
4.571
4.488
4.927
4.765
4.752
4.922
4.987
4.960
4.878
4.142
3.884
4.560
3.559
4.029
4.249
4.497
3.727
2.514
3.499
4.405
3.990
4.042
4.304
3.360
3.577
4.193
4.773
3.724
4.190
4.970
5.355
5.307
4.495
3.858
4.895
4.598
4.638
3.877
4.386
4.827
3.728
4.088
4.642
4.612
5.310
4.958
4.307
4.457
3.527
3.773
4.526
5.334
4.771
4.569
4.288
4.652
4.329
4.844
4.001
4.582
3.814
4.912
3.614
4.843
4.493
5.022
4.544
5.531
5.843
5.031
6.003
5.759
4.315
3.713
3.497
3.235
4.375
4.180
2.890
3.402
4.578
5.039
2.921
3.061
3.564
4.036
3.673
3.834
5.015
4.396
5.060
4.754
5.167
4.932
4.974
4.037
4.431
3.035
3.752
3.572
4.106
4.526
3.919
4.179
4.352
3.819
3.706
3.607
4.062
4.265
4.851
5.413
2.220
4.246
4.201
3.893
3.933
3.709
4.060
3.737
4.055
5.084
3.800
5.214
4.681
4.928
4.052
4.399
5.043
4.863
3.944
4.192
4.936
4.197
4.196
3.092
5.027
5.148
4.546
3.859
4.164
4.556
4.209
4.847
5.322
4.391
4.711
5.306
4.686
3.791
4.416
4.502
4.198
4.064
4.962
3.657
4.678
4.421
4.808
4.733
5.170
3.832
3.838
4.766
4.516
5.415
5.747
4.205
5.452
5.298
4.605
4.486
5.380
3.929
3.935
5.141
5.390
4.868
4.112
4.431
5.532
4.902
5.733
5.059
5.777
5.718
4.561
5.403
4.978
5.159
3.949
4.578
4.633
4.126
4.787
5.153
3.029
3.089
3.193
3.045
3.387
4.728
4.187
4.265
4.309
4.049
3.539
4.217
4.095
3.252
3.750
5.043
4.673
3.425
3.738
2.881
4.183
4.209
4.697
3.952
4.768
4.329
3.439
4.580
4.204
4.293
3.684
4.749
4.499
4.467
4.431
4.647
4.261
4.479
5.595
4.741
5.291
4.548
5.289
4.132
4.261
4.638
5.443
4.467
5.186
4.757
4.747
5.369
5.174
4.393
4.294
4.401
3.221
4.474
4.657
4.723
4.869
5.208
4.270
4.927
3.944
4.496
5.463
5.046
4.742
5.120
5.329
5.426
5.616
5.329
4.839
4.139
5.092
4.699
5.183
4.233
3.560
3.557
3.437
4.012
3.833
4.611
4.710
4.476
4.299
4.794
4.218
4.346
3.802
4.167
4.552
3.134
3.872
4.606
4.915
5.644
4.534
4.294
5.386
5.320
5.913
4.612
4.108
5.129
5.410
4.716
3.846
4.816
5.623
4.837
4.905
3.766
4.454
5.459
4.727
5.533
3.422
5.105
4.487
5.333
4.633
3.869
3.702
4.221
4.163
4.230
4.273
3.737
4.484
3.963
3.739
3.706
4.879
4.492
4.772
4.919
4.340
3.936
4.528
4.837
4.393
5.404
4.975
4.656
4.941
3.779
5.012
4.696
5.110
5.663
3.831
4.535
5.165
4.835
5.256
5.408
4.487
4.685
4.567
3.231
3.717
3.961
4.451
4.155
4.523
4.852
4.951
5.192
4.459
5.300
4.989
4.821
4.545
4.326
4.731
4.882
4.344
4.341
5.029
4.000
5.155
4.919
2.803
3.615
4.384
5.043
3.970
4.536
4.919
4.648
4.609
4.416
4.387
4.968
5.071
4.960
4.650
4.530
4.788
4.416
5.393
5.482
4.116
5.152
3.989
4.302
5.563
5.030
4.677
4.923
4.859
4.741
3.492
2.715
3.972
3.541
3.807
4.086
4.001
3.762
4.468
4.847
5.185
5.369
4.645
4.864
3.963
4.650
4.393
4.717
5.146
5.744
4.705
5.456
4.339
5.397
4.929
4.233
4.400
3.967
4.699
4.219
4.139
4.088
4.237
3.698
4.233
3.999
4.088
5.544
5.136
4.943
3.894
4.366
4.925
4.183
4.447
4.905
4.769
4.811
4.465
5.001
5.118
5.315
3.234
5.003
3.236
3.004
3.091
4.296
4.289
3.748
4.082
4.349
3.750
3.583
5.755
4.974
4.811
4.513
4.503
4.961
5.226
4.576
3.711
3.822
3.452
4.601
4.635
4.172
3.882
4.613
4.159
5.144
4.574
5.431
5.198
4.988
4.330
4.244
4.634
4.183
4.717
4.004
5.195
4.469
4.438
4.641
4.715
5.176
4.693
4.796
4.492
4.051
4.846
5.847
4.655
4.127
4.136
4.884
5.178
4.872
4.862
4.920
5.012
5.116
4.182
5.060
5.603
4.107
5.683
5.331
5.774
5.161
4.984
5.014
5.398
5.986
5.182
4.562
5.356
5.007
4.292
4.946
5.684
5.021
4.218
4.251
5.207
4.341
5.753
4.728
5.281
3.512
4.242
3.637
4.859
4.978
4.001
3.813
5.589
5.223
5.552
4.936
5.408
4.448
5.497
4.762
4.939
5.685
4.962
5.153
5.045
5.247
3.861
4.301
5.086
5.304
3.567
3.719
4.874
4.934
4.156
4.686
4.960
5.094
4.598
5.151
5.333
5.012
4.199
4.927
5.186
4.584
4.785
4.281
5.212
5.334
4.637
5.290
4.425
5.024
3.711
3.449
3.501
4.565
4.184
4.757
4.018
4.445
5.550
5.294
4.900
4.395
3.753
4.427
4.130
4.482
3.320
3.882
4.291
4.616
4.730
4.022
4.493
5.224
5.203
4.998
5.112
4.256
5.228
4.632
5.338
4.853
4.640
4.521
4.939
3.230
3.625
3.929
4.631
3.929
4.603
4.344
3.330
3.347
4.799
4.832
4.931
5.054
5.397
4.268
3.882
4.759
4.719
4.958
5.463
4.783
5.732
5.380
4.764
4.808
4.418
3.709
4.907
5.437
5.908
4.868
5.616
4.007
5.428
4.192
3.829
4.113
3.722
3.948
5.079
5.040
5.175
4.755
3.837
3.814
4.795
4.500
5.004
4.706
4.095
4.433
4.401
3.737
3.964
3.866
3.849
4.333
3.978
3.928
3.771
3.923
3.586
3.984
4.767
4.182
4.774
3.804
4.193
4.188
4.223
4.737
4.977
4.576
5.067
4.377
4.937
3.681
4.698
4.799
3.934
4.145
4.354
4.700
4.495
5.093
3.336
4.380
4.285
4.647
4.773
4.225
2.524
4.769
4.911
5.250
3.552
4.876
5.737
5.367
4.050
4.544
4.229
4.700
4.335
4.132
4.723
4.810
4.725
4.122
3.802
4.617
4.240
4.104
2.873
4.139
4.208
4.370
4.605
4.345
3.759
2.890
4.339
4.785
2.930
3.245
3.809
4.267
3.054
3.789
3.579
3.563
4.689
4.672
4.064
4.950
4.634
3.766
3.681
4.699
4.525
5.565
3.883
3.271
3.653
4.783
4.886
3.490
4.628
4.968
4.535
3.676
4.958
4.803
4.367
5.064
5.336
5.429
5.052
4.484
4.701
5.424
3.554
4.592
3.391
3.507
4.217
4.376
4.689
4.824
4.945
5.290
3.925
4.665
5.138
4.539
5.098
5.322
5.694
4.970
4.361
4.159
4.559
3.947
5.083
4.474
4.935
4.902
4.160
4.961
4.390
4.907
4.689
5.174
4.733
4.426
3.756
3.096
3.621
3.845
4.164
4.626
5.016
3.985
4.385
5.103
4.506
5.069
5.659
4.939
4.264
4.108
4.937
4.329
4.505
5.291
4.649
4.687
4.137
3.873
5.391
4.222
3.557
4.910
4.516
4.580
3.972
4.087
5.223
4.912
5.291
4.697
5.251
4.622
5.837
4.536
4.953
4.351
5.069
4.821
5.122
4.517
5.231
4.626
5.436
4.841
5.065
5.228
3.588
4.654
4.325
4.112
5.112
4.395
4.381
3.874
5.275
5.411
5.532
4.898
4.048
4.787
4.858
4.405
5.159
5.128
4.627
4.176
5.101
4.666
4.332
4.355
4.114
4.384
5.445
5.101
5.123
4.529
4.259
5.048
5.651
4.886
4.952
4.587
4.878
5.359
3.393
4.521
3.877
3.916
5.004
4.835
4.398
5.299
4.307
4.615
4.009
4.445
4.810
4.773
4.913
4.192
4.369
4.809
5.059
5.371
4.971
4.439
5.024
3.603
3.919
3.408
3.064
4.638
4.536
5.366
4.754
5.195
4.574
5.569
5.315
4.694
5.096
5.523
4.908
5.099
4.643
5.664
5.328
4.839
5.556
4.942
5.370
4.946
4.169
3.746
4.573
3.599
4.620
4.137
4.040
4.470
3.525
4.483
3.757
3.544
3.969
4.047
3.431
4.323
4.683
4.071
4.571
4.408
4.027
4.634
4.734
4.884
4.776
3.645
3.904
4.534
3.665
4.575
4.053
4.282
4.010
4.414
4.528
5.340
5.284
5.353
4.445
4.847
5.223
4.954
4.256
3.570
4.756
4.360
4.952
3.490
4.106
4.151
4.520
3.900
4.885
4.405
5.279
3.625
4.753
5.330
3.928
4.298
4.220
5.051
4.447
4.663
4.248
4.718
5.347
4.056
3.445
4.056
3.848
4.885
5.244
4.634
4.881
5.106
4.845
4.434
5.086
4.712
5.072
4.171
5.188
4.189
4.061
4.706
4.671
5.343
4.807
3.758
3.898
4.471
5.145
4.877
5.141
5.059
4.482
5.534
4.050
4.206
4.652
4.904
4.753
4.857
4.298
3.863
4.463
3.607
3.706
4.407
3.449
3.101
3.951
3.748
4.044
3.501
3.941
4.187
2.984
5.004
3.695
4.057
4.914
3.148
4.865
3.569
4.280
4.493
4.322
4.102
4.733
3.241
4.544
3.391
4.105
3.292
4.453
5.161
3.780
3.402
3.989
4.890
5.228
4.807
4.097
4.480
3.720
4.746
5.417
3.243
3.610
2.989
3.193
4.889
3.831
3.208
4.175
3.915
4.085
4.796
4.360
4.303
3.686
4.445
4.700
5.048
3.850
3.179
4.101
4.921
3.796
3.542
4.856
5.455
4.661
4.099
4.703
4.292
3.668
4.384
5.111
3.542
4.847
3.586
4.829
5.063
5.414
4.614
4.305
4.664
4.050
3.835
4.663
4.044
5.017
4.842
4.848
5.153
4.723
5.272
4.947
4.576
4.328
3.319
4.185
4.679
5.024
4.451
4.854
5.146
5.191
5.315
4.452
5.334
4.763
4.487
4.427
3.124
4.656
3.906
4.665
4.865
3.985
5.062
5.407
4.784
5.124
4.452
4.578
4.206
4.248
3.634
3.481
2.875
4.699
3.012
2.757
4.308
4.122
4.942
5.015
4.421
5.215
5.585
3.333
4.857
4.867
4.808
4.885
4.955
4.415
4.594
4.354
5.217
4.848
5.307
4.664
4.957
5.134
5.198
3.982
4.493
4.177
4.664
4.887
4.397
4.717
4.649
5.099
5.014
4.262
4.124
3.994
3.880
4.593
4.534
4.668
4.806
4.346
4.910
5.150
4.836
4.024
4.142
4.382
4.124
3.691
4.143
4.942
4.333
4.755
4.190
4.757
4.952
5.000
3.838
4.311
4.880
4.146
3.954
4.767
4.695
4.613
4.432
3.789
3.727
3.486
3.589
3.563
5.061
5.038
4.003
4.497
3.889
3.881
4.520
4.590
3.988
4.579
4.806
5.185
4.747
4.569
2.901
4.309
4.459
3.923
4.280
3.515
4.860
4.419
4.236
4.319
4.497
5.037
4.948
5.497
5.076
5.157
5.394
4.785
3.749
3.694
4.490
2.693
2.985
3.441
3.785
3.933
3.563
4.435
4.475
4.059
5.295
4.511
3.973
4.168
4.868
3.421
5.119
5.475
4.931
5.368
4.242
2.444
3.684
4.551
4.538
3.292
4.771
4.714
4.532
4.623
4.894
3.982
5.223
4.360
4.379
5.140
4.514
4.387
5.114
3.965
5.062
5.399
3.721
4.945
5.525
5.096
4.013
4.776
4.366
4.356
5.130
4.991
5.156
3.923
2.742
3.985
3.382
3.793
4.773
4.909
4.898
5.138
5.488
4.875
3.512
4.745
5.114
4.741
4.256
3.699
4.255
4.959
4.163
4.313
4.164
4.020
3.479
2.858
3.584
4.168
3.234
3.418
4.047
4.019
3.401
4.385
4.133
3.515
3.528
4.345
3.932
4.488
4.483
4.143
3.651
4.379
3.765
3.566
3.025
3.399
4.764
5.066
5.548
4.353
5.033
5.096
5.079
4.591
4.887
5.207
4.451
5.665
3.712
4.613
4.925
5.036
5.051
5.191
4.017
5.282
4.677
4.128
5.059
5.317
3.979
4.324
3.857
4.060
4.345
3.918
4.700
5.360
4.060
4.753
5.031
5.476
4.517
4.148
4.317
4.273
4.324
3.716
4.556
3.916
4.637
4.909
4.560
4.402
4.963
4.547
4.305
4.619
5.086
4.557
4.999
3.667
4.020
4.425
4.383
4.538
4.635
4.979
4.558
4.591
4.601
4.503
4.703
4.711
4.117
4.245
4.367
4.711
4.130
3.720
4.800
4.440
4.636
3.989
4.306
4.489
4.646
3.610
4.055
3.786
3.605
4.251
5.004
4.311
4.267
4.644
5.155
5.713
4.994
5.001
4.886
4.960
4.954
4.912
4.986
4.387
5.019
4.743
5.227
4.502
5.288
4.865
4.797
4.520
5.098
5.339
3.587
4.633
4.292
4.335
4.320
4.323
4.800
3.937
5.019
3.480
4.536
5.020
4.793
4.896
4.080
5.095
4.132
4.043
3.512
4.723
4.827
5.395
4.024
5.242
4.823
3.494
4.519
3.637
4.751
4.966
4.265
4.193
4.062
4.895
4.599
4.336
5.544
4.792
3.540
4.783
3.888
4.885
5.038
4.269
4.289
5.078
4.477
5.250
5.254
4.538
4.316
4.409
5.139
3.931
4.354
4.904
4.148
4.101
4.993
4.103
4.832
4.791
4.754
4.859
3.706
4.401
4.582
3.872
3.632
3.949
3.731
4.426
5.282
4.747
4.448
4.148
4.633
3.839
3.834
4.579
4.526
4.585
3.957
3.779
4.835
4.601
4.056
4.438
4.374
4.321
4.677
4.861
4.920
4.287
5.132
4.288
3.759
4.230
2.830
2.947
2.391
3.073
2.860
3.823
4.176
2.844
4.936
3.181
3.765
5.009
4.208
4.725
4.748
4.834
3.205
3.321
2.957
3.021
3.384
2.768
4.406
3.673
4.291
2.989
4.410
4.467
4.569
4.573
4.374
4.496
4.689
4.830
4.566
3.937
4.423
3.876
4.475
3.861
3.883
4.066
3.446
4.953
3.319
4.059
3.587
4.323
3.707
5.109
4.469
3.768
4.170
4.544
3.882
4.607
4.173
3.284
4.005
4.443
3.834
4.696
3.954
3.398
4.085
4.440
4.008
3.396
4.796
4.186
4.330
4.657
3.098
4.805
5.286
4.082
4.794
4.954
4.035
3.901
4.632
4.587
4.455
4.560
4.622
4.959
4.351
4.938
4.510
3.872
4.729
3.912
4.045
3.865
4.220
3.608
4.997
5.096
4.741
3.486
4.811
4.437
4.051
3.678
4.025
2.927
4.606
4.031
4.385
3.758
4.812
5.190
4.733
4.181
3.969
4.023
3.413
2.726
4.039
3.446
4.597
4.156
2.534
3.519
3.518
3.602
4.815
4.057
4.637
4.008
5.189
4.756
3.645
4.994
3.187
4.470
3.933
4.396
3.562
5.077
4.674
4.996
3.782
3.803
5.106
3.477
3.878
4.120
4.168
3.561
4.132
3.784
4.494
5.561
5.150
4.791
4.266
5.223
5.313
5.265
3.663
4.817
5.244
3.918
3.983
4.825
5.080
5.413
4.804
4.695
4.139
5.327
5.474
5.075
5.154
4.219
4.009
4.785
5.378
4.765
4.899
4.966
4.563
4.322
5.064
3.525
4.593
4.659
5.185
4.578
5.494
4.062
5.189
4.728
3.933
4.050
4.531
5.109
5.124
5.550
5.282
5.259
4.516
4.538
4.937
4.328
5.039
4.269
4.821
4.609
5.169
5.028
5.410
5.753
5.033
4.938
3.482
4.608
4.005
5.359
4.227
5.196
5.161
4.985
5.008
5.396
4.796
4.515
3.304
4.931
5.191
5.529
4.334
4.829
4.101
5.110
4.759
5.240
4.813
4.864
4.569
4.590
4.218
4.498
4.814
5.201
4.603
4.987
5.386
4.797
5.348
4.722
5.930
5.526
4.747
4.840
5.213
5.496
5.552
5.478
5.533
4.942
4.823
5.174
4.962
5.166
5.280
4.924
5.338
4.816
4.215
5.682
4.464
5.522
5.578
4.880
4.349
3.977
4.354
5.371
5.629
4.995
4.272
4.617
5.548
4.634
4.485
3.771
5.410
5.746
4.024
3.981
4.929
4.733
4.494
5.296
5.046
5.053
4.948
4.353
5.365
4.136
4.551
4.704
4.805
5.143
4.786
4.439
4.642
4.668
4.537
4.220
4.801
3.891
4.522
4.332
3.638
5.140
3.331
4.232
4.561
5.254
4.890
4.238
5.480
3.969
4.432
4.204
4.248
4.613
3.998
4.787
5.375
4.508
4.990
5.341
4.709
5.148
4.529
4.262
4.353
4.937
4.165
5.414
4.295
4.482
4.311
5.618
5.525
4.922
3.762
5.375
5.157
4.747
4.598
2.966
3.617
3.898
4.051
3.312
3.742
4.436
4.803
4.396
3.130
4.042
4.608
4.773
5.077
4.196
4.993
4.035
4.748
3.830
4.137
4.150
4.528
5.075
4.683
4.752
4.329
3.969
4.540
5.026
4.297
4.409
3.912
5.088
4.674
4.496
5.088
4.506
4.991
3.237
4.283
4.361
3.648
3.998
4.448
3.571
4.674
4.531
4.810
4.386
3.257
4.342
3.547
3.575
3.675
4.031
3.952
4.405
4.402
4.770
4.244
4.342
4.690
4.028
4.622
4.116
4.696
3.661
3.696
4.390
3.788
4.672
5.093
4.247
4.410
3.748
2.610
3.102
3.556
3.911
4.540
4.241
4.754
4.073
4.422
4.233
4.739
3.541
3.562
3.706
4.490
4.185
3.829
4.577
4.689
3.918
3.936
4.386
4.737
4.546
4.094
4.417
4.207
4.539
4.191
3.712
4.471
4.250
3.545
4.785
3.991
4.094
4.154
3.547
2.697
3.146
2.735
3.960
4.568
4.478
4.466
4.605
4.399
3.251
3.868
4.638
4.408
3.612
3.871
4.790
3.113
3.274
3.388
3.600
4.589
4.378
4.869
4.933
4.011
4.640
3.623
4.257
3.478
3.477
4.281
4.191
2.885
3.874
2.699
4.212
3.604
4.321
3.725
4.190
4.192
3.487
4.677
4.511
4.568
4.357
4.113
3.816
4.438
4.086
4.985
5.317
5.412
4.770
3.305
4.221
4.387
4.898
4.105
3.499
3.828
5.507
4.244
5.247
2.792
4.276
4.436
5.689
5.281
3.300
4.112
3.930
4.358
4.947
4.900
4.430
5.163
5.499
4.896
4.475
2.414
3.698
3.312
2.975
3.678
3.627
5.042
5.113
5.679
4.949
4.710
5.061
4.988
4.340
5.055
4.435
4.447
5.249
5.062
4.629
5.008
4.953
4.786
4.747
4.799
4.485
5.057
5.299
4.722
4.598
4.253
4.760
4.985
5.066
5.201
5.118
3.577
3.890
3.991
4.724
4.295
4.896
4.557
5.008
4.001
4.580
4.535
3.601
4.711
3.419
4.913
5.508
3.232
4.139
4.014
4.803
4.993
4.217
4.233
4.605
4.811
4.862
4.427
5.099
4.609
4.725
3.457
4.949
3.268
4.783
4.708
4.051
4.173
5.024
4.280
5.086
3.676
3.952
4.900
5.245
5.074
4.391
5.136
4.429
4.650
4.994
4.555
4.434
4.103
4.591
4.775
4.827
4.335
4.499
3.195
4.675
5.278
4.666
3.905
4.001
4.017
4.431
4.671
3.873
4.204
4.703
4.370
5.496
4.887
4.827
4.774
5.255
5.390
5.040
5.494
3.973
3.360
4.698
4.803
3.647
4.770
3.918
4.608
3.029
2.223
3.969
3.360
3.357
3.561
4.196
5.290
4.091
4.156
4.937
5.054
5.385
4.205
3.772
5.267
3.783
4.860
3.600
4.626
4.280
4.762
4.002
3.260
4.068
4.783
4.486
5.315
5.267
5.417
5.316
4.608
5.204
4.588
5.495
4.250
5.040
5.023
5.615
5.004
3.976
4.819
4.401
4.461
3.850
3.645
3.961
4.112
5.228
4.291
5.150
4.795
5.259
4.544
4.177
3.370
4.604
3.994
5.028
5.372
4.950
3.852
3.730
3.867
3.931
4.076
2.902
4.136
3.524
3.503
4.736
4.302
4.931
4.847
3.581
3.790
4.996
5.581
4.395
4.973
4.671
4.645
4.780
3.611
5.048
3.950
4.041
4.834
4.229
4.355
4.409
5.146
3.974
5.060
3.344
2.850
4.264
3.760
4.515
4.239
3.946
4.109
3.497
4.479
3.865
3.391
4.232
3.617
4.441
4.233
3.805
4.239
4.478
3.867
3.662
4.778
4.626
4.757
4.887
5.014
5.354
4.427
3.509
4.883
5.089
4.540
3.724
5.162
4.962
4.951
4.402
5.007
5.190
5.174
4.548
5.757
5.152
4.612
5.224
5.014
4.412
5.132
4.922
4.122
5.335
4.708
4.741
5.139
5.490
4.348
4.499
5.198
4.820
5.389
5.154
5.412
5.213
5.355
4.435
4.983
3.570
4.973
5.571
4.837
4.232
4.426
3.468
4.807
3.999
4.535
4.631
4.764
4.854
4.371
4.646
5.116
5.200
4.777
4.870
4.353
4.375
4.503
4.627
4.968
4.548
4.351
4.195
4.491
4.475
4.480
4.731
4.327
4.694
4.447
4.190
4.582
4.233
4.214
4.804
3.675
4.541
4.730
4.981
3.710
4.068
4.269
4.399
4.860
4.247
4.481
4.282
5.063
3.772
4.495
5.085
4.203
4.733
5.008
5.124
4.481
5.189
5.326
4.593
5.385
5.132
5.198
4.603
4.591
4.881
4.615
5.380
4.735
4.419
4.896
5.117
4.637
4.108
4.887
5.001
4.854
5.188
4.230
4.031
4.356
4.131
4.816
5.019
4.967
4.128
5.137
5.177
4.137
5.144
4.727
4.545
4.564
5.146
3.835
4.844
5.538
4.508
4.857
3.561
5.051
4.434
5.634
4.938
4.273
4.982
5.135
4.379
5.173
5.344
4.947
4.991
5.347
4.727
4.409
4.495
5.237
4.756
3.989
3.602
4.408
4.328
4.919
4.193
4.961
5.166
4.427
5.221
4.635
3.724
4.048
4.041
5.033
4.437
4.449
5.034
4.425
4.704
4.173
4.247
4.248
4.727
4.475
3.344
4.763
4.496
4.829
4.239
4.943
5.413
4.999
4.066
3.930
4.050
4.168
3.953
4.079
5.124
4.460
4.777
4.584
4.319
3.865
4.056
4.771
4.188
4.113
3.059
3.619
4.357
4.612
4.953
3.308
4.221
3.672
3.726
3.284
4.100
3.126
3.485
4.498
4.157
4.473
5.030
4.920
3.310
4.902
4.128
4.165
3.550
4.689
4.520
4.517
4.929
4.323
3.768
4.300
4.110
4.872
4.570
3.503
4.899
4.627
4.203
3.651
3.212
4.436
4.965
4.702
3.461
4.890
4.296
4.880
4.255
5.471
5.058
4.552
4.977
5.103
4.792
4.646
5.055
4.453
5.035
4.441
4.318
3.712
5.191
4.857
4.840
4.384
3.843
4.209
4.143
3.774
3.898
4.248
3.999
3.582
3.271
4.943
5.285
4.674
4.917
4.513
4.990
3.779
3.522
3.340
3.600
4.575
2.806
4.648
5.002
4.444
3.624
4.159
3.821
3.532
4.598
3.653
4.755
4.521
4.813
4.894
4.191
3.490
3.926
5.088
4.365
4.670
4.775
3.112
5.556
3.740
4.838
3.251
3.977
3.170
4.734
3.513
4.706
4.055
3.450
3.149
3.670
5.202
5.218
5.127
4.801
4.982
5.457
5.118
5.088
5.140
5.095
4.603
5.064
5.843
5.593
4.655
4.121
5.480
4.121
4.284
5.603
4.336
4.106
5.227
5.002
4.398
5.133
4.596
3.498
4.016
5.110
5.130
5.105
4.079
5.567
5.453
3.782
4.034
5.273
4.785
4.753
4.778
5.979
4.188
5.301
5.002
5.738
5.287
4.688
5.622
5.607
4.819
5.635
4.504
4.931
4.718
4.324
4.554
5.456
5.792
5.097
5.523
4.302
4.604
4.883
4.985
4.377
4.514
4.922
4.892
5.470
5.355
4.746
4.524
3.583
4.123
4.072
4.864
4.625
4.611
4.946
4.963
4.101
4.093
4.206
4.757
3.848
4.753
5.090
4.635
4.870
5.472
5.728
5.302
5.686
4.806
5.369
5.823
5.217
5.189
5.000
4.058
5.187
4.572
4.571
5.045
3.574
4.039
4.468
4.736
5.057
3.672
4.115
4.593
4.911
4.479
3.758
4.218
4.498
5.000
4.990
4.830
4.575
4.425
4.778
4.930
5.248
4.632
4.662
4.425
4.420
3.880
3.270
4.131
4.493
4.705
4.490
3.803
4.839
4.722
3.057
4.104
4.766
3.966
3.638
4.995
4.197
5.368
4.228
4.919
4.253
4.690
4.400
4.739
5.551
4.717
5.062
5.303
4.919
3.191
4.435
3.816
5.121
3.601
4.841
4.923
4.488
5.541
4.497
4.676
4.065
5.538
4.478
5.257
5.428
3.790
5.027
4.601
4.553
4.869
4.470
4.860
4.822
5.298
4.864
4.509
4.721
5.382
5.094
4.395
4.813
4.405
4.836
5.508
4.570
4.388
5.397
4.550
4.152
4.848
4.454
5.466
5.273
4.615
3.756
4.984
4.905
5.176
5.348
5.553
4.957
5.685
4.746
4.479
4.227
4.864
4.962
3.842
4.884
4.748
4.288
3.821
4.892
4.457
4.296
4.014
5.098
3.766
4.463
4.899
4.427
4.900
4.467
4.746
4.887
4.011
3.072
4.033
3.709
4.318
3.582
4.725
5.084
4.216
4.124
4.851
3.696
4.925
4.467
4.498
4.384
4.240
4.816
5.523
4.357
5.385
5.012
4.360
3.972
4.072
4.975
5.309
4.698
4.151
4.566
3.955
4.615
4.764
4.584
4.929
4.291
4.324
2.891
3.550
3.609
4.472
4.123
5.098
5.479
4.427
5.462
3.783
4.084
3.667
5.130
3.948
4.850
5.193
4.576
4.032
3.208
4.459
3.844
4.247
5.015
5.360
4.380
4.733
5.176
4.327
5.219
5.564
4.780
4.486
4.836
4.229
3.691
4.831
4.220
4.836
4.235
5.298
5.179
4.340
4.407
5.365
5.111
3.504
4.809
4.998
4.535
4.979
4.962
5.020
5.356
5.368
4.766
4.730
3.894
4.782
4.160
4.436
4.076
5.107
5.010
5.474
4.155
4.308
5.547
4.741
4.066
4.412
3.806
3.836
4.419
4.889
3.706
4.611
4.951
4.334
3.838
4.395
4.701
4.265
3.056
4.521
3.605
3.238
5.205
4.395
2.936
3.116
4.350
5.187
5.551
3.436
5.294
4.933
4.735
4.872
4.846
3.822
4.233
4.642
4.241
4.875
2.971
4.023
3.486
3.661
5.168
5.635
5.290
4.810
3.857
4.747
4.728
5.298
4.695
2.850
3.472
4.935
4.340
4.493
3.409
4.955
4.775
4.538
5.379
3.725
4.973
4.616
4.431
4.598
5.670
5.067
5.150
5.308
4.532
3.926
4.857
4.190
4.526
5.287
4.867
4.185
5.426
4.394
4.822
5.540
4.572
5.295
4.724
4.916
3.687
4.288
4.425
3.881
4.183
4.838
4.701
4.175
4.202
3.090
4.023
4.187
3.575
4.475
4.553
3.943
4.306
3.695
4.312
4.183
4.657
3.204
5.309
4.163
5.068
5.406
4.796
4.128
4.501
4.885
5.079
4.747
5.807
4.794
5.533
4.606
5.091
4.489
5.206
4.608
5.210
4.692
5.435
5.551
5.440
4.844
5.295
4.778
4.609
5.140
5.501
4.875
4.942
5.057
4.380
5.280
5.616
3.886
5.096
4.352
4.803
4.892
4.095
4.805
4.936
4.684
4.919
4.924
5.045
5.244
5.159
3.780
4.567
4.685
5.023
4.657
4.233
4.721
3.915
3.308
3.886
4.698
4.791
4.239
4.757
4.702
4.768
4.160
4.534
4.738
4.136
4.519
4.271
4.869
4.757
3.618
4.859
4.492
4.924
3.786
3.674
4.463
4.578
4.915
5.138
4.443
4.875
3.661
4.560
5.167
5.138
5.135
5.074
4.140
5.261
4.678
5.036
5.194
5.267
4.673
5.500
4.802
4.497
4.505
4.975
5.192
4.521
5.068
4.561
4.382
3.633
3.667
4.863
5.105
5.087
4.985
3.658
4.632
5.200
5.128
4.935
4.988
4.458
4.493
5.686
4.358
4.063
4.685
4.466
5.063
4.632
4.617
4.275
4.217
4.966
5.012
4.913
5.255
4.101
5.026
5.236
4.716
3.776
3.806
3.806
4.124
3.895
5.104
4.669
4.527
4.411
4.641
4.331
4.807
4.716
4.745
3.963
4.837
4.251
4.777
5.184
4.658
3.690
4.032
5.236
4.112
3.678
3.698
3.831
4.453
5.307
5.266
5.404
3.391
3.134
4.565
4.591
5.096
3.761
4.345
3.739
4.303
4.709
2.670
3.243
4.516
5.250
5.233
4.028
3.559
3.613
4.240
5.094
4.919
3.724
4.975
3.572
3.292
4.669
5.381
4.902
4.233
3.622
5.109
5.069
4.022
4.376
4.228
3.788
3.299
4.506
3.897
4.589
4.640
3.949
5.349
4.614
4.012
4.609
3.835
3.578
4.436
4.958
4.450
3.673
3.869
4.777
5.121
4.681
4.140
3.284
4.972
5.456
4.284
5.519
4.208
5.110
4.547
5.270
4.664
4.223
4.393
3.787
4.902
3.608
4.007
3.849
4.195
4.195
4.549
3.929
4.306
4.575
3.721
4.787
4.171
4.609
4.007
4.013
4.008
3.997
3.406
3.584
4.371
4.602
4.560
4.255
5.148
4.075
3.558
4.780
3.567
4.085
4.745
5.152
4.901
4.083
4.489
4.408
4.797
4.515
4.602
5.200
4.576
5.724
4.753
5.898
5.284
5.879
5.465
5.689
5.206
4.781
4.941
5.036
4.403
4.952
4.978
4.696
4.813
4.396
5.339
3.954
4.206
4.553
4.423
2.933
3.107
4.050
3.213
3.700
5.066
4.460
3.543
5.149
4.893
4.803
3.527
4.118
4.779
4.806
4.939
4.188
5.065
3.975
2.944
3.836
4.177
4.509
4.067
4.200
5.202
3.687
4.269
3.650
4.306
4.000
3.075
3.195
4.119
2.740
2.994
4.920
5.061
4.371
4.022
4.062
2.937
3.192
5.025
4.151
4.309
4.391
5.382
4.383
4.112
3.946
4.717
5.326
5.260
4.700
3.178
4.112
4.358
4.198
4.359
5.240
5.032
5.599
4.645
4.135
4.324
4.228
4.784
3.960
3.663
3.708
4.005
3.674
4.443
5.162
4.259
4.978
4.460
4.096
4.129
4.539
5.075
4.237
5.258
3.480
5.170
4.023
4.221
4.545
3.699
3.803
4.185
5.104
5.008
4.687
4.390
3.562
3.815
4.022
3.844
3.614
4.562
3.180
3.469
3.777
3.692
3.882
4.238
4.919
5.301
5.194
4.544
3.340
3.262
2.722
3.927
3.988
4.372
4.209
3.560
4.830
4.215
3.943
4.050
3.595
4.588
4.874
4.974
4.568
3.263
4.154
3.556
4.215
3.902
4.146
3.717
4.038
3.631
4.911
3.970
4.946
3.521
3.797
3.910
4.609
5.404
4.820
4.868
5.048
3.961
4.457
4.297
4.332
5.142
4.336
4.732
4.225
4.019
4.307
4.132
3.543
5.077
5.709
5.350
4.694
3.820
4.185
3.345
3.747
5.015
4.255
4.509
4.924
4.213
4.021
3.957
3.812
3.330
5.356
4.152
3.799
3.847
3.718
4.942
5.041
4.108
4.165
4.770
5.257
4.829
4.978
5.135
4.533
5.328
4.738
4.326
4.917
4.421
4.784
3.614
3.654
4.168
4.681
4.659
4.709
4.740
3.845
4.506
5.123
4.847
4.526
5.009
4.133
3.896
4.904
4.309
3.126
4.497
4.783
4.822
5.160
4.199
4.310
4.779
4.522
4.724
3.992
4.237
3.855
4.989
4.143
5.086
5.527
4.739
4.101
3.459
3.919
5.205
3.110
4.553
4.582
3.722
4.719
5.522
5.113
3.805
3.674
3.990
3.555
3.697
3.514
4.020
3.439
4.127
4.833
3.816
3.499
3.472
4.246
3.907
3.225
3.288
4.169
4.443
4.623
3.298
3.733
3.598
2.608
2.600
3.553
3.687
3.774
4.121
3.662
3.617
3.815
4.440
3.666
4.678
3.491
3.441
4.677
4.190
3.316
4.433
4.197
4.473
3.228
4.452
4.015
3.721
4.555
4.494
4.354
5.218
5.525
4.692
4.352
4.162
3.672
3.493
3.281
4.717
4.642
4.896
5.235
4.820
4.619
3.837
4.879
3.751
4.486
4.878
4.271
3.507
4.058
4.958
5.295
4.523
5.017
4.222
4.869
3.295
2.679
3.316
4.404
4.425
4.892
5.254
5.112
5.203
4.776
5.265
5.355
4.736
4.530
4.512
4.768
5.114
4.494
4.758
4.544
3.272
5.520
4.384
5.266
4.723
4.679
5.278
3.988
4.247
4.930
5.486
3.638
4.368
4.767
4.766
3.724
3.946
5.188
4.270
4.050
4.087
4.978
4.624
4.436
5.118
5.073
4.445
5.663
5.218
5.280
5.058
5.371
4.147
5.413
5.307
4.652
4.932
4.360
3.985
4.876
5.479
4.508
4.923
3.745
3.447
3.990
3.940
4.455
4.585
3.851
4.985
4.566
4.923
5.025
4.273
3.861
4.427
4.528
4.874
4.278
4.369
4.601
3.991
4.117
4.714
4.633
4.883
4.765
4.903
4.170
4.767
5.393
4.923
4.469
5.491
5.079
4.533
5.159
5.386
3.618
4.656
4.234
4.046
4.498
4.448
4.751
3.107
4.023
4.204
4.409
3.790
4.369
4.509
3.542
2.621
3.465
4.394
4.745
4.980
4.085
4.626
4.002
4.156
4.346
3.723
4.710
5.110
4.496
4.698
4.279
4.210
2.989
3.396
4.377
3.792
4.878
4.272
5.174
4.715
3.674
5.076
5.037
2.964
5.068
3.451
4.671
5.142
4.630
4.605
5.016
5.220
4.613
4.148
3.884
3.493
5.106
4.314
4.653
4.899
5.362
4.042
3.878
4.482
4.582
4.835
4.127
4.304
4.915
4.354
4.906
4.780
3.785
3.533
3.651
3.639
3.891
3.583
3.768
2.809
5.277
5.178
4.557
4.574
4.261
4.989
4.189
3.589
3.362
4.702
4.430
4.438
5.054
4.268
4.785
4.522
4.215
4.568
4.529
4.679
4.227
3.996
5.242
4.618
4.905
3.743
3.996
4.343
3.191
3.223
3.333
3.035
3.744
4.622
4.269
4.874
4.838
3.859
4.678
4.904
5.280
4.856
2.853
4.529
4.062
3.749
4.117
3.493
3.384
4.642
4.022
4.492
4.990
4.157
4.023
4.671
4.402
3.819
4.656
4.645
4.888
5.240
4.093
4.491
3.439
4.951
4.568
3.661
3.735
4.831
4.204
5.424
4.227
4.682
4.617
4.789
3.751
4.994
3.660
4.806
4.314
3.818
4.375
4.092
3.734
4.089
4.434
3.816
4.231
4.638
4.034
4.079
4.282
4.629
3.870
4.123
4.468
3.261
2.895
2.581
3.627
3.640
4.652
3.947
2.755
4.684
3.886
4.783
4.595
4.674
4.066
4.706
3.470
4.781
4.172
4.907
4.177
4.977
4.783
5.039
4.506
4.489
4.429
5.027
3.267
4.000
4.489
3.880
3.619
4.712
4.577
5.269
3.898
3.618
4.045
4.417
3.988
4.634
3.711
4.441
4.481
4.442
3.762
3.819
4.661
3.746
4.557
4.638
4.865
5.240
3.852
4.581
3.947
4.330
4.586
4.912
4.481
4.227
4.778
4.829
3.609
4.704
4.489
3.779
4.594
5.265
4.519
3.998
3.546
3.770
4.622
4.748
4.881
4.948
4.347
4.327
4.051
4.664
4.798
4.373
4.279
3.826
4.321
3.711
4.225
4.400
5.008
4.391
2.321
4.132
4.176
3.633
4.281
3.617
3.730
3.747
4.377
3.490
4.062
4.540
3.992
3.869
2.821
4.486
4.060
4.147
4.393
3.855
5.225
4.974
4.358
4.478
4.533
4.388
4.361
3.117
4.594
4.536
3.813
3.165
4.556
4.856
5.050
5.001
4.809
4.772
4.733
4.799
4.291
4.966
3.811
4.603
3.991
3.576
5.103
4.541
4.736
4.106
5.313
3.779
4.311
4.927
4.016
3.408
4.210
4.207
3.593
4.683
4.762
4.733
4.125
4.786
3.704
4.921
5.027
5.489
4.297
4.703
3.536
4.751
4.141
4.658
4.803
4.861
5.057
4.384
5.110
4.504
4.260
4.169
4.313
4.168
4.301
4.631
4.635
4.836
4.761
4.733
4.828
4.227
4.358
4.929
4.095
4.445
4.426
3.694
3.940
4.537
4.150
4.708
4.607
4.576
4.794
4.098
4.477
4.823
4.786
4.577
5.263
4.845
4.391
4.329
4.851
4.923
4.348
5.106
4.761
5.172
4.465
5.022
4.848
4.618
3.957
3.338
4.549
4.139
4.804
4.294
4.901
4.748
3.320
4.574
5.118
4.091
4.591
4.780
4.162
5.371
4.622
3.715
5.082
4.367
4.728
4.808
4.923
4.240
4.971
3.763
3.815
4.179
2.876
3.929
5.397
4.658
3.450
4.406
4.954
4.533
3.557
4.161
3.750
3.630
4.463
4.767
4.277
3.973
4.459
3.855
3.493
4.200
4.400
4.419
3.766
4.204
4.511
3.783
4.276
2.780
3.851
4.005
3.529
3.008
4.031
3.498
4.915
4.632
2.797
2.177
4.130
2.816
4.309
4.000
4.392
4.234
3.689
3.377
3.446
3.957
3.709
3.892
3.272
3.927
3.929
4.208
4.461
4.814
4.383
4.272
4.025
4.087
4.436
3.832
3.850
3.914
4.271
3.969
4.725
4.269
3.655
3.223
4.195
4.628
4.621
4.631
4.371
4.786
4.447
3.728
4.926
4.049
3.435
4.081
4.009
3.460
4.636
4.161
4.798
4.264
4.493
3.507
3.445
3.864
4.217
4.256
3.702
3.218
4.306
3.551
2.359
4.579
3.881
4.463
4.873
4.416
3.629
2.940
3.461
4.897
3.876
5.465
4.171
3.641
4.003
5.218
4.263
3.942
4.924
3.821
3.889
4.203
4.456
4.801
5.235
4.810
5.376
5.531
4.301
5.424
4.214
4.602
3.944
4.670
3.464
4.572
5.100
5.695
4.297
5.425
4.563
3.951
4.696
4.738
4.308
4.433
3.820
3.575
4.639
4.309
4.708
4.859
5.110
5.455
4.840
4.425
4.702
3.104
4.173
3.629
4.839
4.500
4.269
4.505
4.711
4.595
4.412
3.379
4.935
4.407
5.292
5.433
4.832
5.091
5.434
5.145
3.613
4.132
3.984
5.043
4.717
5.105
4.181
5.220
5.837
5.569
5.237
5.027
4.655
4.303
4.758
4.634
4.901
4.553
4.297
4.645
4.118
4.531
4.255
5.047
5.307
5.648
4.950
5.053
4.161
4.307
5.007
4.398
4.211
4.303
4.758
4.952
4.332
4.724
4.956
5.304
4.380
4.354
3.841
4.607
4.333
3.917
4.616
4.443
3.830
4.561
4.371
3.930
5.060
3.813
3.454
3.607
4.348
4.600
4.941
4.169
3.413
5.571
5.521
4.644
5.664
4.619
5.555
4.428
4.252
4.610
4.208
3.589
4.332
3.715
4.334
5.145
5.379
5.089
3.574
4.807
3.903
5.279
4.014
4.011
3.578
4.705
4.533
5.086
5.545
4.662
4.248
4.596
4.331
4.099
4.116
4.947
4.654
3.851
5.094
4.661
4.338
4.993
5.242
4.633
4.888
5.095
4.179
4.887
5.007
4.045
4.844
4.401
5.194
4.584
4.385
3.666
4.338
4.441
4.483
5.533
4.381
4.907
4.812
4.069
4.670
4.914
4.332
3.760
4.291
4.615
4.512
4.155
4.235
3.103
4.879
4.482
4.640
4.736
5.077
3.445
4.527
3.403
4.516
4.460
3.766
3.834
3.921
5.356
4.872
5.025
4.127
4.295
3.674
4.207
5.056
4.770
3.916
4.568
3.949
3.990
3.961
4.084
4.137
4.661
3.618
3.929
4.422
3.591
3.332
4.362
5.023
4.244
5.192
4.582
5.167
4.835
5.318
4.452
4.675
4.487
5.208
4.647
4.026
4.260
3.979
5.403
4.682
4.206
4.335
4.460
4.804
3.709
4.862
4.942
5.018
4.424
4.503
4.964
4.242
4.961
4.599
5.153
5.219
4.688
4.393
3.983
4.359
4.719
4.401
3.869
4.762
4.965
4.601
3.763
4.172
3.939
4.958
3.992
3.790
4.590
4.158
5.263
5.104
4.669
4.835
4.070
5.316
4.630
4.753
3.138
4.040
4.589
4.704
4.761
4.503
4.399
5.000
3.839
4.629
4.881
4.597
4.239
4.666
4.063
4.776
2.829
4.798
3.597
3.579
4.803
4.528
4.228
4.792
4.452
4.335
4.499
3.893
4.236
4.579
4.807
5.183
4.569
2.563
3.906
4.462
4.531
4.405
4.712
4.773
3.650
4.456
4.727
4.033
5.213
4.586
5.122
3.364
4.587
4.645
4.419
5.210
4.872
4.443
5.405
4.894
5.396
4.787
4.648
4.550
4.722
3.816
3.448
2.639
3.261
4.846
3.983
4.870
4.327
3.897
5.381
5.475
5.130
4.649
4.757
4.637
3.690
3.142
3.460
5.246
3.843
4.420
5.110
4.946
4.347
4.847
5.524
4.613
3.755
4.837
4.897
3.275
4.936
4.436
4.818
4.073
4.540
5.140
4.217
4.949
4.229
4.740
4.114
3.367
4.784
3.137
3.389
2.950
4.192
3.585
4.144
3.853
3.239
3.502
4.016
3.400
3.822
4.386
3.770
3.522
4.344
3.735
4.138
3.522
4.489
3.879
4.480
3.942
4.345
4.162
5.071
5.551
4.946
4.911
3.885
5.080
5.666
4.352
5.365
5.040
4.438
5.045
5.397
4.849
4.560
4.475
4.056
4.755
4.149
4.130
3.962
4.026
4.636
4.876
4.550
4.998
4.382
4.280
4.876
4.377
4.408
4.070
4.233
4.603
4.565
4.711
4.239
4.783
4.182
4.965
4.996
5.076
5.153
3.484
4.390
4.961
4.952
4.737
3.967
5.022
4.381
5.093
4.175
4.743
4.921
5.286
4.865
5.028
4.371
4.500
4.836
4.519
4.222
5.273
5.337
4.633
4.713
4.115
5.020
4.534
5.163
3.901
4.567
4.002
4.130
3.932
4.256
4.719
4.304
3.399
4.070
4.915
5.239
5.045
4.445
3.638
4.749
4.964
4.814
4.890
4.948
4.600
3.281
4.188
4.267
4.726
3.892
4.838
4.283
4.530
5.076
4.824
4.844
4.894
4.465
4.288
5.249
4.891
4.693
4.408
5.136
4.352
4.976
5.032
4.400
4.305
4.779
4.817
4.735
4.930
5.067
3.466
3.738
4.868
4.355
4.216
5.175
4.070
4.326
4.601
4.474
3.951
4.152
4.149
4.633
4.271
3.030
4.543
4.722
4.844
5.316
4.332
3.056
4.604
3.952
4.318
4.439
4.435
4.510
4.342
4.467
4.081
4.444
3.967
4.687
5.097
4.682
5.236
3.367
3.399
4.169
3.559
5.005
4.264
4.836
3.390
4.249
2.591
4.650
4.367
4.742
4.377
4.854
4.498
3.967
4.661
5.019
4.308
3.816
4.800
5.141
3.800
5.234
4.798
4.311
3.702
4.067
3.451
3.862
4.595
3.985
3.849
3.563
3.319
3.126
4.340
5.111
4.199
4.005
3.853
3.302
4.438
3.827
3.400
3.113
3.537
4.197
4.047
4.621
4.962
4.357
4.940
3.613
4.444
4.136
4.055
4.848
4.957
4.610
3.621
4.670
4.034
4.387
4.363
3.857
3.417
4.344
4.483
4.231
4.637
4.385
4.948
4.904
4.095
4.665
4.342
4.135
4.869
4.667
2.581
4.728
3.865
4.779
4.508
3.205
2.286
3.323
4.651
4.625
5.187
4.456
4.916
4.647
4.990
3.822
4.076
4.394
4.101
4.727
4.626
4.644
4.917
4.828
4.618
4.686
4.082
4.026
4.257
5.487
3.940
4.902
5.336
4.670
5.571
3.913
3.741
3.689
4.811
4.136
3.080
3.775
4.355
3.967
5.091
4.419
5.450
4.831
5.402
4.975
5.547
4.932
4.178
4.913
4.645
3.186
3.614
4.311
4.186
5.308
4.370
4.819
3.436
4.755
5.117
5.336
5.709
3.699
4.825
4.886
4.184
4.581
3.981
5.112
4.928
5.419
5.462
4.272
5.344
3.595
4.647
3.683
3.989
3.603
4.880
5.030
5.474
3.655
3.252
3.964
4.971
3.746
4.722
5.129
4.531
4.551
4.969
4.967
4.358
4.394
5.433
5.318
5.328
4.079
4.443
3.232
4.493
3.831
3.641
4.951
4.153
5.312
4.719
5.267
5.184
5.851
4.908
5.146
5.473
5.258
5.456
5.569
5.264
4.662
4.135
4.422
5.496
4.024
4.207
4.327
4.418
5.471
4.910
3.735
5.071
5.327
5.666
3.301
4.010
3.946
5.031
4.694
3.592
4.450
4.656
4.527
5.220
4.785
5.184
4.751
5.292
5.118
3.588
4.626
4.606
4.725
5.069
4.048
4.591
4.472
4.587
4.936
4.828
5.075
4.184
4.990
3.472
4.368
4.518
4.617
4.960
4.536
5.385
4.776
5.021
5.587
4.317
5.343
4.724
5.117
4.665
5.680
5.274
5.353
4.315
5.575
4.966
3.919
4.327
3.879
4.340
3.694
4.630
4.157
3.727
4.137
4.399
3.791
4.602
2.821
3.747
4.761
4.152
4.952
5.207
3.789
5.411
5.510
5.176
3.973
4.440
4.119
4.712
4.998
4.200
4.357
4.172
4.538
3.921
5.071
5.397
4.969
5.070
3.652
4.903
4.476
4.398
4.685
4.818
4.202
3.976
3.699
5.074
3.907
4.316
3.876
4.760
5.268
5.017
5.081
4.471
5.255
4.860
5.430
5.039
5.214
5.410
5.063
5.544
5.216
4.082
4.617
4.309
4.146
4.280
4.508
4.671
4.382
3.588
3.544
3.890
3.630
3.594
3.844
3.154
4.224
3.317
3.567
3.907
3.763
3.837
4.908
5.007
4.414
4.014
4.910
5.247
5.092
3.783
3.832
3.399
3.750
4.220
4.469
4.721
5.068
3.552
5.039
3.507
3.955
4.316
3.697
5.104
5.079
4.232
4.926
4.102
4.674
4.857
4.640
4.693
4.078
3.647
5.046
4.455
4.612
4.865
5.212
4.219
3.623
3.363
5.024
4.551
4.399
5.611
3.864
4.288
3.464
4.108
4.228
4.478
4.825
4.256
3.841
5.149
4.464
4.966
5.515
4.908
5.182
3.287
4.004
4.487
4.717
4.003
3.960
5.486
4.582
4.704
3.938
3.908
2.731
4.015
4.022
4.149
5.008
4.885
4.385
5.329
5.006
5.038
4.534
5.133
4.514
4.849
3.260
3.925
4.964
4.944
5.538
4.923
4.798
4.180
3.152
3.774
4.856
4.918
3.883
4.378
5.149
5.188
4.704
4.952
5.299
4.681
4.919
4.007
4.144
4.159
4.747
4.934
4.918
5.154
5.506
4.892
4.352
4.773
4.770
4.160
4.027
2.819
4.216
3.609
4.161
3.878
2.809
3.303
3.837
4.045
3.429
3.791
4.370
4.165
3.951
4.508
3.321
4.403
3.792
3.687
4.375
4.680
4.934
5.279
3.439
4.299
5.086
5.568
5.050
5.378
4.946
5.004
5.258
4.662
5.417
5.069
4.866
5.127
5.289
5.258
5.380
4.745
5.079
5.144
4.359
3.534
5.051
5.030
5.198
4.511
4.298
3.745
3.154
4.496
3.390
4.426
4.669
5.122
5.108
5.022
4.647
4.300
4.453
4.426
4.550
4.894
4.263
4.179
3.824
4.997
2.750
4.093
4.262
4.622
4.665
3.590
3.390
4.139
4.730
5.115
4.653
4.803
3.430
2.988
4.194
4.460
2.586
5.201
3.418
2.803
4.542
3.023
3.093
5.235
5.325
3.258
5.165
5.252
4.503
3.890
3.733
4.091
3.475
4.449
4.932
4.097
3.945
4.152
4.424
3.087
4.373
3.757
3.777
3.248
4.295
4.473
3.860
4.827
4.818
4.981
4.377
4.075
3.634
4.770
5.002
4.401
3.533
3.713
4.061
4.189
3.650
3.238
4.721
3.007
2.567
4.109
4.428
4.433
4.255
4.713
4.862
3.400
3.925
4.655
4.975
4.295
5.059
4.017
4.372
4.382
4.400
4.343
4.223
4.477
4.799
3.380
2.280
4.533
3.957
4.501
3.706
3.733
4.987
3.426
5.239
4.313
4.899
4.300
4.225
3.547
3.285
4.546
4.440
4.979
4.693
2.783
4.697
4.756
3.663
3.950
3.490
4.985
5.436
4.596
4.715
3.618
3.875
4.100
4.959
5.329
4.208
4.832
5.071
3.428
4.636
4.592
4.423
3.727
3.683
4.647
4.035
4.676
3.209
5.042
5.078
4.879
4.963
4.460
4.570
5.268
4.014
4.201
3.510
3.602
4.437
3.676
4.771
4.443
4.251
4.359
4.066
3.722
4.533
4.349
4.651
4.307
3.929
3.637
3.992
4.080
3.773
4.193
3.511
2.900
2.121
4.455
4.615
3.928
4.042
4.330
4.403
3.527
4.135
4.503
4.720
4.791
3.623
4.367
5.120
4.769
4.755
4.107
4.335
4.656
4.227
4.333
4.090
3.989
4.105
4.538
4.028
3.745
4.652
4.676
4.752
5.019
4.607
2.607
4.658
4.479
3.807
4.672
4.403
3.233
4.498
4.744
4.637
4.774
5.069
4.128
4.369
3.537
3.153
4.493
4.248
5.343
3.866
4.609
5.273
4.681
5.004
5.108
3.859
4.329
4.989
4.799
4.752
4.973
3.827
4.717
4.447
4.503
3.401
3.706
3.236
3.978
3.883
5.775
5.596
3.682
5.334
5.534
4.404
3.719
4.739
3.877
5.318
5.399
4.792
4.230
4.327
5.067
4.712
5.257
5.442
3.655
4.256
5.174
3.849
5.090
4.778
3.619
4.221
4.174
3.978
4.069
4.410
4.317
4.293
4.846
3.382
3.911
4.144
3.471
4.546
4.229
3.617
3.783
5.021
3.675
2.296
3.856
4.537
3.659
3.042
4.299
3.498
4.981
4.495
4.841
4.221
4.485
3.508
4.818
4.241
4.191
3.856
4.260
3.603
5.008
3.175
4.226
4.012
5.216
3.884
4.064
3.451
4.245
3.484
4.385
4.641
4.988
4.675
5.006
4.792
3.908
4.396
4.782
4.761
3.850
3.377
4.939
4.914
4.390
4.609
4.277
4.507
3.587
4.156
3.211
4.122
4.330
4.076
2.582
5.080
5.113
3.432
4.720
4.136
3.516
3.888
4.043
4.234
2.345
3.705
3.395
4.175
4.299
4.305
3.701
4.073
3.450
3.189
3.127
3.404
4.929
4.503
4.626
4.008
3.608
3.221
3.612
4.041
3.886
3.080
4.206
4.415
3.417
3.642
3.122
3.276
3.372
3.337
3.402
4.271
4.929
3.171
3.355
4.034
4.286
4.632
3.166
2.542
2.762
3.915
3.969
3.844
4.613
2.897
3.501
3.863
4.225
4.222
3.741
2.530
3.789
4.576
4.247
3.950
3.579
3.815
3.190
3.756
4.008
4.357
3.726
2.749
4.105
4.699
2.801
4.032
3.419
3.624
4.417
4.589
4.287
4.730
4.303
4.537
4.066
4.320
4.668
4.045
3.060
4.479
5.077
4.694
2.677
3.918
3.301
4.687
4.076
3.179
3.669
5.046
4.305
4.047
3.572
4.413
4.837
3.989
4.915
3.270
4.028
4.316
4.204
4.192
4.461
4.655
4.316
4.093
3.936
4.153
3.535
4.186
4.319
4.412
4.222
4.488
3.760
3.224
4.301
3.859
2.467
4.133
3.588
2.574
3.773
4.383
3.150
4.084
4.275
4.130
3.399
3.143
3.897
3.277
3.730
4.000
3.383
4.186
4.005
4.529
3.760
4.346
4.413
4.459
4.929
4.627
3.452
4.513
3.590
4.744
2.969
4.140
3.757
3.175
2.918
3.953
3.653
3.530
4.131
4.007
5.433
5.184
4.539
4.998
4.780
3.798
3.425
5.199
5.721
4.866
3.391
4.520
5.396
5.146
4.527
5.346
3.368
3.742
4.495
3.939
4.635
5.662
4.431
5.391
3.928
4.010
4.396
5.420
3.852
5.152
4.136
4.537
4.137
4.612
4.180
4.476
4.913
5.630
3.783
4.909
4.058
5.264
3.886
5.360
3.952
4.384
3.577
4.712
3.808
4.133
3.058
4.575
4.892
4.451
4.363
4.785
4.358
4.731
4.660
4.577
4.076
5.408
4.289
5.515
4.267
5.209
5.011
5.444
4.108
4.024
5.171
4.122
4.597
5.349
4.075
4.086
4.814
3.938
4.655
3.534
4.004
4.109
3.437
4.535
3.051
4.935
5.060
4.641
3.378
4.885
4.872
4.211
3.830
4.845
3.627
4.076
3.656
4.070
3.510
4.018
3.665
4.549
4.104
4.142
4.512
4.301
4.536
2.861
4.484
4.497
5.461
3.969
4.662
4.486
3.864
5.016
4.398
5.244
4.630
4.255
4.625
4.756
4.319
4.138
4.563
4.190
4.665
5.312
4.200
5.214
5.089
5.029
4.349
4.881
3.911
4.975
4.354
5.361
5.493
4.026
3.746
5.404
4.450
5.498
4.175
4.618
4.847
3.573
4.261
3.854
3.778
4.032
4.282
4.694
4.361
3.598
3.720
4.847
3.363
4.883
3.459
3.726
4.458
3.918
3.550
4.823
4.783
3.731
4.827
3.873
4.271
4.290
4.159
4.206
3.733
3.194
4.459
4.838
3.718
2.511
3.799
5.048
4.487
3.856
3.237
3.627
3.367
4.759
4.821
4.404
4.753
5.382
3.613
4.638
3.879
3.797
4.509
2.975
4.798
3.462
3.576
4.261
4.985
5.133
4.792
5.022
4.408
4.037
4.748
5.289
4.634
4.798
4.191
5.385
4.634
4.020
2.991
4.120
3.503
5.096
5.175
4.058
4.339
5.065
5.161
3.741
3.920
4.329
4.192
4.307
5.138
3.168
5.039
3.805
4.228
4.445
4.764
5.027
5.372
4.593
4.645
4.062
3.602
4.370
4.687
3.741
4.307
4.936
3.901
3.389
4.578
4.107
4.140
3.287
4.328
3.573
3.510
4.742
4.850
4.693
5.182
4.621
4.383
4.487
4.758
3.873
4.018
4.470
3.805
4.592
3.304
4.312
4.351
4.886
4.194
4.554
3.345
3.692
3.464
4.686
4.428
4.929
4.217
4.345
3.828
4.318
3.160
4.389
4.281
4.583
4.257
3.565
4.750
4.658
4.240
5.330
5.123
4.518
3.950
5.346
3.657
4.351
4.535
4.998
4.642
4.735
5.061
3.388
4.385
3.777
4.471
4.232
4.114
3.356
5.367
4.325
4.048
3.832
4.062
3.658
4.201
3.473
2.855
4.023
3.933
4.515
3.993
3.788
5.059
5.039
5.516
5.094
5.633
5.331
4.806
4.472
4.628
5.106
4.694
4.028
4.283
3.309
4.841
4.149
4.939
4.363
5.405
4.982
4.452
5.261
4.113
4.736
4.991
3.747
4.227
4.001
4.404
3.706
3.857
4.742
4.914
5.037
3.910
4.095
3.921
3.542
4.390
4.447
4.714
3.749
2.522
4.356
4.380
5.177
3.598
3.057
3.804
4.617
5.107
3.857
4.659
4.248
5.083
4.579
5.045
4.126
4.782
4.102
3.872
4.576
4.615
5.067
3.727
4.858
3.914
4.805
3.205
3.725
3.255
3.554
4.428
3.106
4.083
3.351
4.033
4.084
5.012
4.903
4.357
4.134
5.011
4.666
4.234
3.521
4.676
4.342
4.367
4.748
4.817
4.958
4.190
3.967
4.032
4.566
3.954
4.402
4.228
5.357
5.158
4.998
4.220
3.890
5.123
5.349
5.715
5.296
5.101
5.445
3.854
4.980
4.373
3.950
3.991
4.541
4.703
5.312
5.411
5.776
4.575
4.268
5.938
4.794
4.119
4.269
5.267
3.800
3.355
4.255
4.706
5.458
5.440
5.539
4.658
4.245
5.372
5.252
5.804
5.189
5.004
5.111
4.992
5.224
5.595
4.912
4.849
4.309
4.055
4.049
4.730
5.009
4.400
5.160
5.382
5.759
4.356
3.931
5.143
4.505
4.927
5.260
4.565
5.329
5.394
5.360
5.952
5.230
4.623
5.581
4.719
4.513
4.979
5.475
4.523
3.395
3.917
5.491
4.741
5.568
4.977
5.045
6.115
5.234
4.291
5.353
5.025
5.846
5.400
4.799
5.695
5.272
4.908
4.008
5.580
5.808
5.206
4.640
4.660
4.414
4.421
4.834
4.203
4.564
5.349
5.476
5.581
4.757
5.187
4.832
5.251
4.646
5.161
4.769
5.444
4.347
4.473
5.203
5.312
4.975
4.421
4.889
4.445
3.090
4.343
4.759
4.986
5.358
3.957
3.470
4.876
5.102
4.703
4.753
5.069
4.462
4.677
4.600
4.825
5.196
3.437
3.740
5.115
5.339
4.950
4.494
3.881
4.652
5.248
4.954
3.532
3.554
4.852
5.675
5.066
5.346
4.729
5.507
4.887
5.631
5.821
5.399
5.210
5.633
5.209
4.928
5.467
5.945
5.335
5.020
5.336
5.638
5.865
4.206
4.619
4.105
4.154
3.838
3.929
4.778
4.008
4.424
4.529
4.810
3.860
4.522
4.646
4.962
4.355
4.026
4.879
3.105
4.026
5.046
4.434
4.281
4.273
4.636
3.342
4.002
3.751
4.893
4.825
5.295
4.841
5.774
5.153
5.151
4.161
3.531
4.760
4.319
3.477
4.946
4.833
5.346
4.958
5.190
5.641
5.637
4.711
5.139
5.182
4.647
4.833
4.372
4.847
5.240
5.156
4.535
5.123
5.479
5.036
4.206
4.892
4.790
4.520
4.190
4.172
4.688
4.428
4.802
5.263
4.376
5.246
3.232
3.129
3.990
4.361
4.564
5.051
5.155
4.196
4.881
4.249
3.730
3.546
3.297
4.478
5.517
4.793
5.182
5.728
5.308
4.160
5.014
4.757
4.904
5.032
3.830
5.048
3.465
4.284
3.890
4.708
5.119
5.265
5.093
4.253
5.571
5.694
5.434
3.958
4.844
5.215
4.590
4.821
4.802
5.024
4.085
4.220
4.906
4.749
4.873
4.981
5.355
3.726
4.124
3.784
4.681
4.578
3.961
4.920
5.416
4.213
4.562
3.485
4.376
4.741
4.123
4.914
5.030
5.517
4.892
3.928
4.093
5.077
5.231
4.694
4.874
4.867
4.289
5.122
4.516
5.112
4.483
5.325
5.708
5.090
4.788
4.603
4.959
4.347
3.314
4.957
4.340
4.527
3.911
5.418
5.309
4.698
4.461
3.959
5.447
5.403
5.500
3.784
3.856
5.214
3.639
5.780
5.133
5.171
4.963
4.214
4.717
4.334
4.565
4.363
5.615
5.104
5.026
5.338
5.711
4.930
4.621
4.979
4.516
5.361
4.511
4.631
4.738
5.113
3.412
4.494
4.759
3.975
5.127
3.345
4.294
4.680
5.514
5.176
5.461
4.847
5.653
5.460
4.979
4.956
4.994
3.567
4.857
5.453
4.286
4.923
4.180
4.739
4.796
4.191
5.164
5.237
4.782
4.173
4.377
4.313
5.011
5.133
5.600
4.817
4.862
4.892
4.283
4.846
5.459
3.601
4.919
4.401
5.079
4.661
3.870
3.801
4.295
4.835
5.334
5.466
5.204
5.600
5.420
4.801
4.199
4.914
4.439
2.612
3.854
3.238
3.066
3.869
5.460
4.982
5.583
5.398
4.840
4.984
5.037
3.696
4.471
4.449
3.943
4.158
4.669
4.324
3.708
4.444
4.637
4.028
4.445
3.829
4.206
4.789
4.682
4.962
5.193
5.567
3.718
4.589
5.327
5.372
4.781
4.727
5.942
4.900
5.640
4.196
5.406
4.790
5.525
5.633
5.031
4.224
4.935
5.659
5.778
4.730
4.619
5.386
4.432
4.579
3.400
5.253
5.063
4.223
5.239
5.357
4.819
4.693
5.257
4.975
5.066
5.298
5.380
4.768
5.392
4.865
5.302
4.636
4.584
4.094
4.811
5.184
4.563
4.800
4.667
4.688
4.807
4.915
5.287
3.497
4.297
4.801
4.860
4.660
4.374
5.019
4.171
4.902
4.423
5.020
4.175
4.594
4.417
4.597
4.565
5.168
4.682
5.256
4.392
4.488
3.876
4.887
5.316
4.280
5.055
3.517
3.697
4.571
4.802
5.174
3.561
3.502
5.204
4.093
4.806
3.984
3.432
4.649
4.032
5.045
5.399
4.069
5.492
5.064
4.681
4.323
4.738
4.736
5.089
4.484
4.041
4.241
5.059
4.436
5.657
4.462
4.506
4.315
4.802
4.904
3.895
4.571
5.346
4.358
3.987
4.339
4.693
3.498
5.286
4.882
5.117
5.494
2.969
4.132
4.361
4.737
5.050
5.011
4.798
4.922
5.338
4.907
4.013
4.610
4.197
5.106
3.737
3.892
5.298
5.467
4.445
4.928
4.553
4.732
4.245
4.029
4.197
4.719
5.299
4.530
4.270
3.998
4.500
4.768
4.835
3.942
5.449
4.517
3.538
3.185
4.945
5.196
5.539
4.756
4.402
4.427
4.823
3.672
4.802
5.114
4.761
4.892
5.111
4.126
3.283
4.277
3.809
4.826
4.127
4.651
5.322
5.290
5.054
5.318
3.872
4.249
4.912
4.437
5.460
4.237
4.428
3.091
3.933
4.726
4.944
3.959
4.153
5.183
5.041
5.196
3.796
3.412
5.362
4.754
5.193
5.463
4.325
5.118
5.557
4.687
5.507
5.565
5.656
5.629
5.312
4.721
4.001
3.560
4.617
4.415
4.729
3.435
3.982
3.927
4.088
4.329
5.069
5.417
5.062
5.165
5.139
4.723
4.371
3.484
4.448
4.796
3.588
5.394
5.826
4.797
4.753
5.553
4.487
4.687
4.595
3.981
5.451
4.843
5.304
3.693
3.778
3.121
3.925
3.064
3.799
3.546
3.861
4.331
4.594
4.227
2.562
3.089
4.766
4.331
4.818
5.230
4.628
4.966
5.192
5.067
5.787
5.364
3.935
5.000
4.644
4.668
5.066
4.458
4.388
4.764
5.433
5.519
5.063
4.451
4.805
3.499
4.022
4.360
5.170
5.490
5.534
5.222
4.289
5.355
5.022
5.418
4.809
4.805
5.273
4.289
3.875
5.561
5.131
4.589
3.731
2.594
3.943
4.870
4.218
4.451
4.458
4.943
4.334
4.585
5.333
5.416
4.819
5.963
4.132
5.194
4.866
5.257
4.570
5.142
5.218
4.120
5.245
5.519
5.579
4.976
3.605
4.740
5.185
4.481
3.710
4.422
4.235
5.712
5.071
5.602
4.319
4.370
4.005
5.404
5.658
5.030
4.178
4.680
4.304
5.230
3.744
4.797
4.246
4.659
5.011
5.176
4.512
5.068
4.331
4.389
5.171
5.429
5.778
5.159
5.012
5.081
5.027
5.018
4.396
4.975
4.587
4.648
4.040
3.548
4.282
4.322
5.136
3.828
4.186
5.327
4.456
3.831
4.723
4.848
4.973
4.886
5.325
4.576
4.070
3.966
4.709
4.815
4.435
4.921
4.696
4.571
3.954
3.795
4.902
4.682
5.039
4.422
5.020
3.444
4.754
4.041
4.502
4.717
4.937
4.931
5.225
4.921
3.307
3.246
3.729
4.051
4.475
4.626
4.724
5.073
4.647
4.452
4.118
4.623
5.044
4.571
4.675
4.771
3.559
3.988
5.500
4.299
5.328
5.703
5.080
4.631
5.656
5.231
5.037
4.774
4.843
4.971
5.689
5.070
3.131
5.130
4.092
4.595
4.773
4.751
3.658
5.043
5.093
4.551
4.051
4.828
4.186
3.681
4.511
3.724
4.460
4.813
4.702
3.974
5.318
4.755
5.525
5.472
5.045
4.848
4.419
4.789
3.967
4.409
5.711
4.855
4.392
5.221
3.701
4.829
4.763
4.721
4.649
4.485
5.012
5.511
5.408
4.793
3.957
3.892
4.644
5.101
4.094
5.179
4.200
4.792
4.006
5.022
5.026
5.388
4.543
4.845
5.195
5.010
5.370
5.222
5.353
4.999
4.539
5.290
4.683
4.348
5.365
4.383
4.510
3.753
4.973
4.199
5.190
5.657
5.235
5.198
4.525
5.541
4.187
4.722
4.969
5.315
5.438
4.921
5.137
4.575
3.729
4.032
4.621
5.473
4.950
4.547
5.209
4.193
5.233
4.838
5.201
5.665
4.177
3.983
4.334
4.437
4.782
4.626
4.672
5.034
4.419
4.719
4.511
5.470
5.012
4.466
5.122
4.425
4.415
4.437
3.584
4.184
3.701
4.896
4.668
4.077
3.551
2.707
3.368
4.952
3.801
4.726
4.798
4.538
4.381
4.841
5.200
4.495
3.292
4.114
4.532
3.912
5.009
4.840
4.655
3.532
4.573
4.020
4.230
4.735
5.407
4.049
3.778
3.746
3.123
4.026
3.966
4.048
3.779
4.371
5.118
4.063
4.616
4.574
5.180
4.908
4.734
3.987
4.167
5.002
5.206
5.588
4.666
4.252
4.468
4.832
4.211
4.369
4.422
3.797
4.949
5.298
4.766
5.186
4.570
4.022
4.112
4.325
4.361
4.715
2.799
3.563
3.882
5.359
5.123
5.449
4.829
4.261
3.713
4.957
4.946
5.187
5.544
4.741
3.540
4.793
4.177
3.088
4.396
4.737
4.791
3.742
4.928
5.255
5.279
5.146
4.530
4.994
3.731
4.494
4.915
4.317
5.133
5.727
4.531
4.023
4.091
4.502
4.980
4.363
5.315
4.701
5.444
4.103
4.579
4.613
4.707
4.433
5.214
4.361
4.829
5.418
4.791
4.670
4.374
4.404
4.503
4.432
3.968
5.022
4.392
4.735
5.444
4.118
5.187
5.538
4.911
4.338
4.392
5.210
4.643
4.205
4.379
4.307
3.008
4.178
4.306
4.427
4.777
3.571
3.632
4.335
3.507
5.173
4.363
4.834
2.890
3.465
3.315
5.569
4.551
5.531
4.358
5.489
4.877
5.627
5.525
3.384
4.679
4.190
5.275
4.658
4.895
4.834
4.109
4.529
4.424
4.200
4.626
4.016
4.604
3.992
4.202
4.834
4.860
4.994
4.141
5.085
5.426
4.638
3.888
4.657
3.540
2.969
4.913
5.025
5.603
3.940
4.853
5.168
3.422
4.122
4.808
4.664
4.302
4.843
4.832
4.117
4.998
4.511
4.428
5.269
5.352
5.218
5.377
5.110
5.349
4.727
3.687
4.896
5.245
4.623
4.956
3.386
4.095
4.727
4.275
5.187
5.531
5.074
4.471
5.055
5.276
5.656
5.037
5.273
4.283
4.432
3.253
4.493
3.877
4.056
4.487
4.025
5.258
5.032
4.206
4.947
4.782
4.399
3.300
3.450
2.893
3.616
4.075
4.251
4.938
5.022
5.498
4.972
3.812
5.260
5.000
3.638
4.871
4.557
5.238
4.865
4.450
4.921
5.169
4.496
4.612
4.130
3.484
4.323
3.712
4.297
4.273
4.148
4.299
4.079
4.516
3.894
3.656
4.041
4.476
3.860
4.263
4.618
4.003
4.617
3.782
4.510
3.792
4.781
5.037
5.388
4.763
3.533
4.570
4.857
5.573
4.955
5.188
5.189
5.675
5.252
5.065
4.717
5.329
5.793
4.457
5.251
4.998
3.314
5.173
5.313
5.364
4.139
3.432
4.436
4.445
3.418
5.526
5.407
4.468
5.233
4.858
5.191
4.108
3.457
4.051
5.386
4.224
4.463
4.998
5.156
5.130
5.605
4.405
4.987
4.886
4.275
4.340
5.307
3.957
4.125
4.399
3.221
4.453
3.842
5.076
4.281
4.099
5.489
4.601
4.564
5.040
5.132
4.689
4.510
4.529
4.656
4.879
4.745
5.219
4.891
4.691
4.399
4.407
4.659
5.009
4.622
4.987
4.511
4.761
4.720
4.621
4.731
4.459
5.227
4.914
4.969
4.303
4.901
3.738
4.904
5.286
3.515
3.922
3.973
3.433
4.213
4.292
3.953
4.308
3.695
4.486
4.439
3.833
4.753
3.312
4.337
3.890
3.548
4.544
4.698
3.520
2.902
3.998
3.559
3.742
3.122
3.906
4.247
4.723
3.983
4.874
5.069
5.171
4.548
4.821
3.463
3.358
4.152
4.819
3.936
4.252
4.758
5.367
4.747
4.439
4.987
4.012
4.195
5.085
4.433
3.344
3.210
2.590
3.105
3.841
3.664
3.245
3.901
4.735
3.411
4.399
4.509
4.152
4.215
4.572
3.960
4.825
5.028
3.965
4.141
4.924
3.594
5.072
4.923
5.415
4.907
5.505
4.307
4.030
4.346
4.645
4.747
4.137
5.084
4.476
4.172
4.286
3.928
4.348
3.735
4.376
4.693
3.463
4.306
5.140
4.701
4.942
4.470
5.199
4.571
5.129
4.640
4.186
4.499
4.826
3.810
4.157
4.291
4.310
3.753
4.974
4.433
4.165
4.518
5.230
3.891
4.705
4.965
5.319
4.410
4.262
5.022
4.552
3.738
4.153
2.753
3.227
3.956
4.561
3.723
2.667
4.099
4.203
3.848
3.872
5.079
4.765
4.350
5.053
4.450
3.858
4.885
4.610
4.671
3.437
3.443
4.484
4.984
3.995
4.382
3.154
4.097
3.981
4.608
4.068
4.859
3.851
3.714
5.571
5.301
4.854
4.072
3.939
4.879
4.552
5.340
4.718
5.154
4.159
4.731
4.138
4.233
4.557
5.577
3.746
4.969
4.069
4.460
5.298
5.318
5.486
5.529
5.148
5.319
5.666
5.046
4.881
5.698
4.648
5.102
4.942
4.046
4.537
4.947
5.191
3.539
4.905
5.342
3.662
4.119
3.884
3.516
5.111
5.349
5.703
3.354
5.191
4.136
4.467
3.919
3.964
2.855
3.378
4.862
4.736
4.377
4.400
4.796
4.187
3.509
4.666
5.087
5.685
4.669
4.157
3.341
4.408
3.862
5.056
5.068
5.447
5.530
6.075
5.067
5.806
5.363
4.763
5.244
3.833
4.899
4.633
5.010
5.036
4.882
4.605
5.137
4.638
4.086
4.401
4.517
5.902
5.636
4.388
4.174
4.123
4.421
4.227
3.812
3.965
4.709
4.847
5.301
4.346
3.418
3.555
3.914
3.848
5.193
4.606
4.925
3.292
3.821
4.263
5.803
4.610
5.566
5.904
5.097
5.388
5.810
3.660
3.792
4.121
3.876
4.874
3.879
4.449
4.631
4.025
4.298
4.243
3.778
3.750
4.580
4.581
3.967
3.054
4.066
4.864
4.913
5.006
5.107
4.561
5.401
3.973
5.411
5.617
4.138
5.584
4.640
4.517
4.606
4.162
4.573
4.878
5.583
4.668
4.334
4.950
5.472
5.284
5.476
4.879
5.148
5.143
5.312
5.283
5.670
4.528
4.025
4.435
4.951
4.736
5.073
5.783
4.904
4.888
4.555
4.726
4.119
5.040
4.125
5.151
3.850
3.953
4.301
4.989
4.738
3.358
4.630
3.828
3.968
4.069
4.077
4.386
4.562
5.011
4.557
3.599
4.731
3.873
4.571
4.734
3.581
3.144
4.393
4.646
3.136
4.455
3.691
4.532
3.560
3.433
4.765
4.825
5.066
4.796
4.614
4.239
4.652
4.038
4.672
4.929
4.244
5.477
4.891
4.947
4.280
5.034
4.749
3.904
5.158
3.863
3.246
4.711
4.156
4.983
3.906
4.598
4.168
4.996
4.580
3.714
4.390
4.496
4.539
5.589
4.526
3.431
4.683
4.068
4.812
4.562
4.915
3.554
3.095
3.365
4.348
3.796
3.973
4.459
5.346
5.022
3.582
3.886
5.406
4.801
4.643
3.511
4.664
4.357
5.086
5.306
5.657
3.947
4.142
5.328
5.016
4.761
4.335
4.150
3.893
4.497
4.971
4.602
4.301
4.542
4.893
3.693
4.166
4.082
4.667
4.595
5.019
5.311
3.513
4.944
4.393
4.729
4.974
3.740
4.314
5.544
4.337
5.036
5.614
5.124
4.364
4.812
4.159
3.547
3.257
5.699
5.460
4.840
4.249
5.494
5.564
5.556
5.017
5.366
5.758
4.542
4.600
4.592
4.853
5.411
4.306
5.527
4.472
3.940
4.366
3.608
4.868
4.276
3.720
4.216
3.183
4.988
4.574
4.246
3.933
4.685
3.588
2.553
3.179
3.843
4.254
4.708
4.282
4.273
3.658
3.770
3.845
4.385
4.731
3.917
4.917
5.369
5.531
5.599
5.165
5.078
5.272
4.800
5.353
5.595
4.976
5.308
4.807
5.326
5.132
4.920
4.317
5.131
5.376
5.726
4.499
4.900
4.224
4.677
5.149
5.239
4.465
3.845
5.007
5.012
4.902
5.020
4.674
4.592
3.602
3.902
4.493
4.662
4.638
4.837
4.851
4.241
4.375
4.848
4.962
4.697
4.890
5.449
4.335
4.802
4.907
3.212
4.606
4.278
3.666
3.440
4.909
5.258
4.459
3.925
4.896
3.416
4.318
3.640
4.920
3.939
4.477
5.081
4.125
3.943
4.301
3.687
4.456
4.015
3.376
4.586
3.942
3.325
2.877
3.454
3.269
5.032
4.440
5.177
4.460
5.334
5.221
4.069
5.059
4.686
4.895
4.615
3.674
3.358
4.081
4.947
3.397
3.793
3.677
3.461
4.143
3.181
4.865
3.978
4.349
4.971
5.104
5.225
4.387
5.533
4.901
4.717
5.175
4.906
4.859
5.471
5.591
5.279
5.326
4.292
3.242
4.601
4.674
4.273
4.785
5.199
4.745
3.760
4.966
4.051
4.539
4.076
3.717
4.152
3.692
3.651
4.957
4.639
4.973
4.637
4.096
4.621
4.181
5.293
4.643
4.746
4.735
5.204
4.130
3.688
4.515
4.188
4.397
4.950
5.290
4.206
3.568
4.027
4.386
4.612
4.856
4.242
2.832
4.399
3.828
4.648
4.663
4.732
4.660
3.604
3.600
3.854
3.803
4.193
4.609
4.731
3.478
4.899
3.944
4.537
3.601
4.085
4.234
4.680
4.907
5.279
3.961
5.425
4.006
5.308
4.203
4.073
4.141
4.756
4.202
5.178
5.401
5.354
5.021
5.378
5.308
4.243
4.430
4.808
4.762
5.324
4.090
4.065
5.296
4.075
5.102
5.425
4.988
5.087
5.075
3.683
5.175
4.828
5.091
5.033
4.767
4.645
3.977
3.796
4.614
4.497
4.632
4.768
3.687
4.510
4.495
3.585
4.289
5.185
5.425
4.333
4.677
4.675
4.482
4.350
5.076
3.767
4.463
4.670
4.643
5.204
5.342
4.075
5.091
4.558
4.108
3.753
5.375
3.640
4.711
4.882
4.952
5.301
4.885
4.760
5.362
3.770
4.808
5.513
4.911
2.834
3.288
4.404
4.656
4.749
4.847
3.571
4.212
4.557
5.355
4.947
4.486
4.180
3.889
4.016
4.508
3.346
3.395
4.586
3.820
4.129
3.924
4.759
4.196
4.086
3.863
3.639
4.236
3.854
3.799
4.937
5.277
5.208
3.373
5.104
4.742
3.945
3.500
4.968
4.231
4.223
3.386
5.055
4.797
4.863
4.757
5.022
4.307
3.919
4.651
4.804
5.650
4.819
5.624
5.205
5.566
4.899
4.849
4.382
4.708
5.413
4.739
4.382
5.214
4.469
5.302
5.269
4.248
4.849
4.915
4.386
4.817
3.873
5.400
3.937
4.460
5.786
4.139
3.942
4.358
4.708
5.470
4.953
4.756
4.765
4.576
3.827
4.575
3.924
4.750
5.023
5.265
4.290
4.505
5.455
4.562
4.941
4.445
3.911
4.509
4.412
5.155
4.420
4.945
4.852
4.054
4.398
4.339
4.426
3.616
4.454
4.470
4.134
5.214
5.378
4.057
4.183
4.842
5.205
4.812
4.372
5.189
4.705
4.512
4.614
5.092
5.288
5.310
5.147
4.404
4.169
3.747
4.919
5.058
5.178
3.583
5.101
5.184
4.049
4.164
4.369
3.697
4.911
4.399
4.787
4.876
4.838
4.972
4.547
4.586
4.226
4.481
3.428
3.475
2.677
4.409
5.002
4.649
4.050
5.088
5.208
3.974
4.555
4.778
4.729
4.530
4.769
3.589
5.299
4.908
4.868
2.379
4.936
4.828
3.399
4.284
4.388
4.942
4.234
4.333
4.440
3.875
4.047
4.172
4.495
3.914
5.335
3.962
4.488
3.699
3.589
4.001
4.743
4.700
4.096
4.521
3.910
4.949
5.207
5.544
4.931
3.700
4.807
4.200
5.248
4.058
5.182
3.898
4.597
4.031
3.814
5.350
5.189
3.875
4.655
5.297
4.950
4.555
5.065
5.240
3.957
4.863
5.122
5.462
5.039
5.001
4.604
4.792
4.757
5.161
4.941
5.198
5.565
5.510
5.082
4.599
4.689
5.575
5.662
4.620
5.635
3.803
3.073
3.784
3.787
4.467
4.006
4.461
4.804
4.195
4.706
5.232
5.460
5.832
5.408
5.559
4.688
3.558
4.696
4.039
4.083
5.217
4.608
4.179
4.598
4.529
5.035
5.312
4.213
3.212
3.567
5.098
4.406
4.115
5.234
4.636
5.198
5.344
5.793
3.944
5.072
4.772
4.831
5.203
4.675
5.070
3.508
4.580
4.218
4.032
4.996
5.033
5.426
4.822
5.102
4.339
3.350
3.452
3.917
2.943
4.600
4.941
4.324
3.278
3.087
4.271
4.881
4.950
4.596
5.340
5.018
5.422
4.829
5.382
5.506
5.556
4.758
5.972
5.310
4.909
5.205
4.877
5.149
5.701
4.134
4.840
5.255
4.652
5.532
4.989
4.237
4.972
5.361
5.209
4.745
3.723
4.852
4.248
5.721
5.555
5.200
5.612
5.012
4.912
4.591
4.197
4.679
4.637
5.582
5.036
4.188
4.637
4.162
5.011
4.153
4.804
4.244
4.521
5.583
4.665
5.020
4.768
4.402
5.182
4.706
5.342
5.323
5.446
5.788
5.089
4.396
5.041
5.082
3.939
4.818
4.995
3.529
4.599
4.012
4.051
5.277
4.668
5.333
5.405
4.070
3.689
4.170
4.581
4.716
4.838
5.182
4.357
4.820
4.440
4.922
4.413
3.294
4.273
2.916
4.701
4.958
4.578
3.964
4.943
4.907
5.024
4.942
4.449
5.196
4.939
4.793
4.400
4.677
4.320
5.347
4.303
5.331
4.710
5.706
5.658
4.781
5.337
5.801
5.391
4.844
5.242
5.692
5.079
4.439
3.928
5.325
4.952
4.774
5.015
3.735
4.755
4.139
5.129
5.045
4.602
5.298
4.819
5.295
4.958
3.404
4.347
3.727
4.721
4.103
4.677
4.250
4.169
2.799
3.838
3.223
4.817
4.207
3.030
3.701
3.573
4.714
4.621
5.143
4.454
5.474
4.670
5.058
3.754
4.837
4.629
4.241
4.425
4.528
4.638
4.081
5.715
5.038
4.397
4.834
4.896
4.657
4.991
4.715
5.020
4.889
5.237
5.417
5.265
5.216
4.098
5.182
4.546
4.202
4.797
4.665
4.466
5.481
5.020
4.418
3.579
4.190
3.983
4.548
4.939
5.377
5.295
5.507
4.894
4.364
3.517
4.147
4.625
3.039
4.325
3.907
4.848
5.422
4.287
4.546
5.294
4.734
4.768
4.806
4.979
5.040
5.198
5.661
5.205
4.591
4.533
5.549
5.318
4.708
4.517
5.524
4.866
4.698
4.195
4.726
4.459
5.333
5.563
3.914
4.574
4.936
4.325
4.584
4.594
4.720
5.413
5.239
4.619
4.961
5.211
5.346
4.449
4.275
5.473
4.478
5.089
4.205
4.250
3.999
3.702
3.173
4.559
4.269
2.326
4.628
4.193
5.081
4.458
5.150
4.560
4.088
3.729
3.940
4.629
4.158
4.696
5.254
3.759
2.753
3.675
4.434
4.406
4.780
3.626
4.848
4.247
2.849
2.903
4.695
3.671
4.889
4.289
2.538
4.238
4.627
3.302
4.109
4.312
4.413
4.058
3.228
4.489
4.726
4.190
5.016
5.440
4.641
4.741
5.200
3.427
4.676
3.294
4.534
3.916
4.524
4.585
4.845
4.299
4.160
5.248
4.834
5.551
5.134
5.229
5.443
4.824
4.319
3.343
4.053
4.219
3.963
3.530
5.101
4.416
4.575
4.737
4.834
5.183
4.554
4.050
4.192
5.401
4.519
5.059
5.152
4.811
4.522
4.172
5.376
4.987
4.345
5.215
5.592
4.968
3.941
4.440
4.429
4.800
4.869
4.325
4.331
5.037
5.244
4.076
5.450
4.250
4.833
4.126
4.795
4.959
4.949
5.193
5.548
4.928
4.623
4.746
4.437
4.796
4.435
4.794
4.177
4.188
3.747
4.801
4.014
4.833
4.980
4.792
5.149
3.676
5.284
4.668
5.138
4.915
4.993
4.142
4.602
4.099
4.354
4.699
4.281
2.985
3.550
3.123
2.809
3.699
4.048
2.863
4.393
4.986
5.324
5.297
4.653
4.536
3.333
4.584
4.745
4.793
4.378
4.503
3.970
5.328
5.449
4.126
4.812
4.201
4.773
4.051
4.994
4.705
4.212
3.734
4.591
4.800
4.662
4.230
4.338
4.779
3.574
4.310
4.233
4.488
4.834
3.331
4.671
5.003
4.259
3.866
4.923
4.874
4.634
4.942
5.002
4.552
5.220
4.555
4.488
5.287
4.847
4.475
4.804
4.846
5.095
5.271
5.336
4.120
4.735
4.626
4.851
4.710
3.915
5.025
3.471
5.008
5.585
5.154
3.889
4.907
4.209
3.415
4.911
5.065
4.228
4.894
4.915
4.756
5.287
4.754
4.078
4.703
4.950
5.180
5.555
4.795
4.890
4.258
4.276
4.276
4.601
5.019
4.841
4.090
4.987
4.833
4.074
4.308
4.321
3.621
3.989
4.312
5.198
5.174
4.008
4.226
4.591
4.634
4.193
4.814
4.868
3.828
4.725
5.323
3.033
4.566
4.490
3.803
4.595
3.326
4.659
4.049
4.039
4.056
4.594
4.048
4.376
4.853
4.562
4.305
4.800
5.047
4.510
4.045
5.055
4.307
3.384
3.490
4.768
4.571
3.401
4.610
4.002
4.866
3.616
4.242
4.641
4.104
4.902
4.282
4.916
5.259
5.223
4.637
5.058
4.499
5.503
4.674
3.978
3.426
4.123
4.670
4.680
4.695
4.748
4.879
5.384
5.443
4.679
4.644
4.903
5.248
4.630
4.870
4.527
5.198
5.060
5.287
5.660
5.045
4.122
5.353
4.426
4.709
4.910
3.263
4.501
3.887
4.493
5.266
3.653
4.952
5.290
4.567
5.408
4.109
3.554
4.248
3.942
4.148
4.907
4.354
5.039
4.438
5.621
5.008
4.679
3.645
4.877
4.269
4.872
4.134
4.000
5.229
4.622
3.859
4.157
3.488
4.324
4.300
4.280
3.981
3.366
4.182
3.566
3.504
3.943
4.153
4.520
3.903
4.477
3.428
3.641
3.026
4.191
4.199
4.514
3.902
3.799
3.265
4.766
4.222
3.602
3.297
2.888
3.950
2.904
5.581
5.200
4.394
5.208
4.585
5.799
5.192
5.014
4.467
5.005
5.057
4.451
4.153
5.370
4.774
5.220
5.364
4.691
5.415
4.811
5.271
4.973
5.237
5.496
4.862
5.431
5.199
3.898
5.122
4.234
4.615
5.394
4.469
5.392
5.035
4.200
5.008
5.612
4.826
3.209
4.116
4.799
3.230
4.459
3.852
4.775
4.104
3.254
4.600
3.983
5.187
4.678
4.773
5.048
3.811
4.700
4.532
4.173
3.833
5.239
4.694
5.134
4.518
3.854
4.506
4.770
4.727
4.316
4.806
4.297
4.132
4.697
4.087
4.781
4.295
4.250
4.848
5.228
4.526
3.561
5.070
2.973
4.110
5.289
5.128
4.495
5.219
4.305
4.614
4.633
5.564
4.608
5.571
5.413
5.476
4.272
4.879
5.329
4.455
5.156
4.929
4.631
4.263
4.177
4.391
4.858
4.572
4.054
5.170
4.566
4.958
5.056
4.229
4.556
5.430
4.584
4.605
5.186
5.256
4.075
3.772
4.013
5.101
5.094
5.097
4.956
4.197
4.397
5.026
4.483
5.085
4.728
4.472
5.679
4.925
4.024
4.850
4.969
3.771
4.664
3.696
5.015
4.409
4.397
4.420
4.787
4.892
4.203
5.388
4.772
4.448
5.124
4.033
4.487
5.103
5.589
4.865
4.927
4.329
3.905
5.125
5.025
4.783
4.965
4.910
4.888
5.229
4.062
3.840
5.057
5.203
4.451
4.467
3.593
3.765
4.137
4.444
4.345
4.475
5.417
4.291
4.489
5.073
4.883
4.100
4.608
4.687
4.609
3.968
4.286
4.768
3.909
4.540
4.798
4.945
4.662
4.574
4.404
4.893
4.739
4.094
4.995
4.736
4.635
4.097
4.176
4.556
4.840
5.402
5.071
4.568
5.158
3.796
3.636
4.502
3.740
3.082
3.953
4.983
3.918
4.679
4.152
4.510
4.742
5.085
4.143
4.313
3.316
4.337
3.803
4.100
4.568
4.329
3.914
5.323
3.338
3.518
2.902
3.125
4.249
4.904
3.744
4.476
4.889
4.351
4.612
4.964
4.343
3.534
3.733
4.854
5.276
4.762
4.992
5.372
4.269
5.068
4.435
4.611
3.777
4.202
3.584
4.362
4.101
3.489
5.089
4.121
3.681
5.030
4.742
3.848
3.233
5.242
4.605
3.904
4.405
4.155
4.221
4.574
3.966
4.330
3.721
4.403
4.572
3.961
3.530
4.579
4.929
4.322
4.288
3.926
4.392
3.731
3.029
2.590
3.235
5.008
4.093
4.767
4.328
4.911
4.440
4.290
5.512
4.601
4.710
4.718
5.209
5.094
5.235
4.246
3.640
4.296
4.355
3.746
5.231
4.680
4.510
4.573
4.192
5.097
3.755
5.238
4.978
4.451
4.540
4.560
5.051
3.745
3.808
4.158
2.827
3.550
4.018
3.382
4.972
4.170
4.045
4.297
5.071
5.011
4.283
2.921
4.822
4.424
4.568
5.138
4.451
4.916
4.781
4.783
5.323
4.156
4.292
5.048
4.780
2.795
3.791
4.368
4.020
4.063
2.308
4.682
4.696
1.946
3.675
3.832
3.978
4.815
4.121
4.010
4.300
4.195
3.489
4.384
2.695
4.225
4.174
4.311
4.626
4.100
3.592
4.467
3.878
3.956
3.733
4.101
4.570
3.877
4.191
4.245
4.037
4.311
3.753
4.473
4.576
3.217
4.021
3.703
4.242
3.559
4.301
3.436
3.146
3.253
3.478
3.599
3.293
3.250
4.272
4.151
4.005
4.328
4.282
3.503
2.641
3.746
4.186
2.878
3.994
3.339
3.286
4.181
4.746
4.324
2.492
4.169
3.136
3.938
4.125
4.122
4.242
3.522
3.937
4.326
3.892
3.736
4.129
2.788
4.397
3.680
3.999
4.051
4.130
4.293
4.375
4.089
4.229
3.500
3.985
4.471
4.039
3.179
3.576
4.174
3.721
4.039
4.180
4.317
3.689
2.751
4.092
4.243
3.886
3.922
4.855
4.612
4.305
4.093
4.736
4.935
5.485
5.255
4.633
5.840
5.063
5.111
5.067
3.715
4.321
4.126
5.141
4.616
4.704
4.407
5.225
4.461
5.150
4.503
4.326
3.716
4.525
4.028
5.227
4.621
4.744
5.144
5.174
4.686
4.551
5.762
3.418
4.550
3.937
5.498
5.256
5.160
4.791
4.476
5.198
5.672
5.406
5.503
5.747
5.837
5.719
5.801
5.190
4.540
5.935
4.745
5.142
5.864
3.580
4.307
5.329
5.128
4.643
4.509
5.722
4.622
4.347
5.472
4.096
5.160
5.231
6.097
4.553
4.361
4.779
4.369
4.804
5.409
5.882
5.464
5.531
5.127
5.618
4.063
5.101
5.273
5.633
4.994
5.372
5.061
5.395
4.702
5.150
5.529
4.936
5.494
5.009
6.077
4.248
5.308
4.954
5.368
4.766
5.267
5.812
5.299
5.363
4.933
4.331
5.829
5.720
5.119
5.269
4.786
4.652
5.866
5.103
5.043
5.115
4.597
5.314
4.796
4.306
4.146
5.384
4.672
4.608
4.308
5.698
5.093
5.327
4.732
5.080
5.100
4.823
4.575
4.587
5.071
4.710
5.489
5.614
4.875
6.084
4.269
5.327
5.388
5.390
4.575
5.802
4.556
4.362
5.583
5.159
5.586
4.974
4.892
5.016
5.017
4.269
5.484
4.869
4.744
4.455
4.385
4.841
4.886
4.611
5.202
4.732
5.322
4.105
4.806
5.245
5.383
5.441
5.373
5.069
3.934
4.786
4.295
4.161
5.375
4.965
3.855
3.905
4.979
5.313
4.580
5.799
5.192
6.050
5.630
5.299
5.546
5.972
4.728
5.751
5.134
5.946
5.754
4.658
4.547
5.226
5.765
4.874
4.976
4.334
4.302
4.439
3.442
4.031
4.288
4.861
5.016
4.721
4.606
5.179
4.756
4.557
5.242
5.027
3.561
4.215
3.963
4.152
5.107
5.053
5.036
5.260
4.418
5.030
5.075
4.254
4.079
4.849
5.325
4.666
4.059
3.669
4.893
5.397
4.370
4.655
4.813
4.906
4.877
5.115
5.592
4.399
4.132
4.526
4.553
4.147
4.192
4.335
3.985
3.774
4.810
4.205
4.483
3.870
4.646
4.030
4.985
4.376
4.765
4.964
3.664
4.773
3.336
3.236
4.987
3.991
4.118
3.369
3.905
5.266
4.849
4.064
4.541
3.794
5.165
4.450
4.760
4.348
3.569
4.132
5.240
4.430
4.316
4.934
5.140
5.441
5.017
3.997
4.809
4.075
5.293
4.669
4.999
4.215
5.457
4.751
4.961
4.980
5.762
4.483
5.585
4.157
5.209
4.221
4.525
4.128
4.722
4.113
4.784
5.363
4.681
5.044
4.772
5.365
4.560
5.780
5.281
5.058
4.407
4.464
3.684
5.145
4.366
4.895
5.473
5.347
5.467
4.841
4.138
4.475
5.148
5.314
4.969
4.539
5.306
3.873
5.756
4.658
5.662
5.430
4.286
5.749
5.334
5.127
4.076
4.399
4.393
5.069
5.262
4.824
5.548
5.128
4.606
4.330
4.818
4.875
4.796
4.282
4.346
5.511
5.777
5.238
5.532
4.185
4.324
4.901
4.363
5.404
5.501
5.577
5.405
5.511
5.027
5.533
4.914
5.251
4.717
4.762
5.177
5.284
4.773
4.654
4.409
5.570
4.762
5.295
5.082
4.570
4.556
4.305
4.521
5.344
4.738
4.018
4.069
4.148
4.202
3.893
5.005
4.279
4.007
4.189
4.798
4.787
4.466
4.316
4.373
4.427
5.585
4.826
4.037
4.451
5.550
4.852
5.042
4.741
4.412
4.114
5.077
3.843
4.472
3.285
4.672
4.619
5.601
5.764
5.319
4.673
5.374
5.415
3.622
5.510
5.007
4.388
5.594
4.977
4.799
4.424
3.968
4.838
4.456
5.653
4.887
4.338
3.788
5.726
5.504
4.092
4.128
4.053
3.435
4.886
4.912
4.957
4.343
4.276
4.363
3.822
4.536
4.767
4.054
4.071
4.397
5.265
5.857
5.241
4.653
4.701
4.084
5.461
5.046
4.426
5.639
4.865
5.093
5.133
5.253
4.653
5.831
5.047
5.093
4.484
5.088
5.572
4.592
5.497
5.630
5.014
5.023
5.149
4.408
5.623
4.389
3.660
5.586
4.853
5.085
4.090
4.344
4.677
4.461
4.699
4.540
5.840
5.067
4.689
4.112
4.673
5.160
4.644
4.771
4.768
4.023
5.239
4.822
5.014
5.042
4.815
5.646
5.046
5.359
4.865
5.587
5.783
5.181
5.064
4.452
5.596
5.730
3.080
4.989
4.365
5.576
4.789
5.120
3.988
4.252
3.865
4.869
4.910
4.304
4.494
4.522
5.717
4.728
5.039
4.985
4.376
4.975
4.446
4.973
5.573
4.564
5.052
5.466
5.628
5.012
5.597
5.418
4.246
4.851
4.951
4.333
5.545
4.932
4.403
5.019
4.711
5.923
5.020
4.772
4.165
5.104
5.101
4.489
4.493
5.072
4.432
4.464
5.272
4.118
4.692
5.902
4.366
4.684
5.472
5.519
4.595
4.630
4.291
3.678
4.457
3.843
4.573
3.959
4.771
4.576
3.964
4.794
4.918
4.582
4.817
4.207
5.094
4.477
5.689
5.075
4.437
4.613
5.212
4.163
4.359
4.833
4.833
4.224
5.526
4.255
5.525
5.151
5.720
5.204
4.988
5.337
5.417
4.533
4.778
3.759
5.334
4.768
5.308
5.314
5.797
4.508
5.314
5.906
5.614
5.502
4.268
3.568
4.756
4.571
4.714
3.540
4.159
5.318
5.788
5.376
4.909
4.999
4.359
4.474
5.076
4.458
5.324
5.410
5.186
4.836
5.196
4.580
5.522
5.201
5.353
4.707
5.437
4.717
4.837
4.094
5.308
4.808
4.243
4.821
4.948
4.940
4.198
5.001
5.030
4.726
4.439
4.990
4.307
5.034
5.066
5.244
5.183
5.032
5.198
4.789
4.482
4.551
4.400
4.759
4.721
3.402
4.824
5.295
4.506
4.609
4.820
4.463
3.830
4.051
4.570
4.022
4.617
5.375
4.236
3.630
4.234
5.438
5.086
5.166
5.123
4.755
3.768
3.829
3.216
3.883
5.115
4.729
5.217
3.930
3.439
5.028
4.502
5.314
4.551
5.041
4.423
5.641
3.864
4.843
4.472
4.288
4.941
5.423
4.395
3.563
3.961
4.422
4.777
4.167
4.905
4.203
5.036
5.026
4.410
5.619
4.873
4.577
3.832
5.343
5.225
4.621
3.676
5.322
4.333
4.912
4.351
4.297
3.684
4.780
4.869
4.481
4.117
4.462
5.032
4.613
4.474
4.825
4.893
4.845
3.863
4.179
5.353
4.611
3.153
3.157
4.497
5.069
4.038
3.948
4.823
4.817
5.219
4.022
4.443
4.668
4.200
3.906
4.523
5.399
5.655
4.974
4.183
5.260
5.417
4.437
5.574
4.676
5.291
4.622
5.672
4.489
4.332
4.714
5.765
4.587
4.351
5.127
5.393
4.844
5.160
4.876
5.194
4.848
3.943
5.118
5.233
5.491
4.806
4.676
3.961
5.667
4.985
4.172
4.689
4.817
4.163
5.191
4.913
5.732
5.033
4.807
4.888
4.634
5.083
4.835
5.961
5.034
5.647
5.176
4.907
5.403
4.624
4.555
5.626
4.943
4.594
4.689
5.224
4.787
4.108
4.320
4.937
5.700
5.351
5.970
5.367
5.078
4.920
5.175
4.622
5.366
4.851
5.593
5.394
4.655
4.748
4.117
5.157
5.630
4.985
5.396
5.294
5.762
5.443
5.307
4.996
4.643
4.086
4.264
4.999
5.358
5.702
5.675
5.113
5.507
4.841
4.615
4.308
5.119
4.499
4.762
4.764
5.167
5.744
5.987
5.320
4.504
4.917
5.238
4.600
5.236
4.089
5.599
4.959
4.983
4.631
5.283
5.515
4.291
5.022
4.946
5.910
5.436
5.741
5.427
5.767
5.057
5.221
4.776
5.176
5.664
5.198
4.978
5.141
5.245
4.850
4.363
3.819
4.910
4.702
5.728
5.669
5.989
5.311
5.601
5.045
5.349
4.369
5.501
4.865
4.980
4.820
4.850
5.462
4.718
4.890
5.427
5.349
5.779
4.855
5.129
